0.05	-899694.9908156855	884205.883377144	884205.883377144	-874683.7729156801
0.1	-224304.21770180427	209055.88709216937	209055.88709216937	-200094.42138317652
0.15000000000000002	-99232.56498267845	84378.39442351718	84378.39442351718	-76302.68202527154
0.2	-55458.327355156885	41141.27831449367	41141.278314493684	-34208.6497436187
0.25	-35198.029735263226	21547.02087865232	21547.02087865233	-15929.684603991398
0.30000000000000004	-24193.410911114144	11320.215407006615	11320.215407006624	-7096.273762446278
0.35000000000000003	-17558.985958031506	5555.755012410702	5555.75501241072	-2709.1697915817
0.4	-13254.029863494889	2191.522944881766	2191.522944881771	-620.6084056306433
0.45	-10303.627481920159	230.19907216252045	230.19907216252935	236.70349772218393
0.5	-8194.298479579615	-864.3411663055139	-864.3411663055059	448.0748118591428
0.55	-6634.721059056243	-1405.5440677953188	-1405.5440677953115	352.7382082186973
0.6000000000000001	-5449.629803492416	-1589.5670541959175	-1589.5670541959123	149.24679981044696
0.65	-4528.450556719932	-1546.0055636350369	-1546.0055636350348	-51.384247229858055
0.7000000000000001	-3798.626374934319	-1364.027649191606	-1364.0276491916047	-195.20395416779286
0.75	-3210.945873293743	-1106.6240433702833	-1106.6240433702826	-265.48763172725427
0.8	-2731.076274471924	-818.7845297411454	-818.7845297411449	-268.490823349793
0.8500000000000001	-2334.473905110604	-532.43462784538	-532.4346278453797	-222.7122364096753
0.9	-2003.2157745227141	-269.5891812602873	-269.5891812602876	-150.84827385531247
0.9500000000000001	-1723.966083755036	-44.50289653792374	-44.50289653792375	-74.11347704767398
1.0	-1486.6357601193865	134.7521827581527	134.75218275815172	-8.725532699945672
1.05	-1283.4776672203466	265.0418642311916	265.0418642311911	35.68825064526661
1.1	-1108.4628656697575	347.1239870805827	347.1239870805811	56.10329055814276
1.1500000000000001	-956.8424057597388	384.7298501329702	384.72985013296915	54.9578533215881
1.2000000000000002	-824.8341615184877	383.737700141849	383.73770014184777	38.33501268116675
1.25	-709.3955316172411	351.4246176455739	351.42461764557333	13.928025423317353
1.3	-608.0561179546949	295.79535140242365	295.79535140242285	-10.817473565047008
1.35	-518.7929543028264	224.99286913737956	224.99286913737865	-30.101572503088136
1.4000000000000001	-439.93635409389685	146.79763672709748	146.79763672709694	-40.558277427124786
1.4500000000000002	-370.0980822234753	68.22222754726553	68.22222754726553	-41.41612252581384
1.5	-308.11600089249305	-4.794283146530168	-4.7942831465303355	-34.12567950353066
1.55	-253.01100928157896	-67.59088420678741	-67.59088420678725	-21.6254719608452
1.6	-203.9532533763005	-116.89061998054306	-116.89061998054274	-7.452331682460977
1.6500000000000001	-160.23539388980964	-150.81428190449452	-150.8142819044942	5.105171357917077
1.7000000000000002	-121.25129681587781	-168.81162954930937	-168.81162954930923	13.653410104460566
1.75	-86.4789254514848	-171.52299845664658	-171.5229984566465	17.047472279217768
1.8	-55.46651361670523	-160.58645390891053	-160.58645390891013	15.430142577638179
1.85	-27.821320511909594	-138.4070946382701	-138.40709463827	9.998684941873854
1.9000000000000001	-3.200431077664578	-107.90563518890588	-107.90563518890572	2.5888329690382927
1.9500000000000002	18.696812197489987	-72.26300085411167	-72.26300085411141	-4.811768419237443
2.0	38.13506812020516	-34.67641374415973	-34.676413744159355	-10.510649896603718
2.0500000000000003	55.34819857396065	1.859558055732259	1.859558055732259	-13.431630173053897
2.1	70.54361213193062	34.73612421242726	34.73612421242713	-13.260924499260275
2.15	83.90590726719651	61.8697349972934	61.8697349972934	-10.411534157002182
2.2	95.5999410365254	81.79330638651638	81.7933063865166	-5.837402007187041
2.25	105.77342422967023	93.69791430396953	93.69791430396943	-0.7558144998445155
2.3000000000000003	114.55912444037209	97.42678409566729	97.42678409566726	3.6517368747562666
2.35	122.07674309062658	93.42618390275989	93.42618390275989	6.494115774902
2.4000000000000004	128.4345201939417	82.66013341834336	82.6601334183434	7.331660489905316
2.45	133.7306108702381	66.49755560036473	66.49755560036459	6.2203995351678465
2.5	138.05426978659767	46.58156221222014	46.58156221222017	3.6433164404210947
2.5500000000000003	141.48687338074734	24.690951466428707	24.690951466428686	0.35616560445213247
2.6	144.10280460991436	2.6037267087278164	2.6037267087277685	-2.809454267359774
2.6500000000000004	145.97022080870255	-18.02842283400565	-18.028422834005788	-5.138499768576572
2.7	147.1517218436653	-35.787113035654144	-35.787113035654144	-6.179026959561823
2.75	147.70493296774197	-49.56992524192593	-49.569925241925745	-5.815686051583498
2.8000000000000003	147.68301448590768	-58.64495118322599	-58.644951183226084	-4.261502176285207
2.85	147.1351084498757	-62.67556502938253	-62.67556502938253	-1.9778443315906373
2.9000000000000004	146.10673102980593	-61.715860063577956	-61.715860063577956	0.45286907514067276
2.95	144.64011790459926	-56.17911728170911	-56.17911728170902	2.469216248980152
3.0	142.77452892196217	-46.78332342431571	-46.78332342431567	3.6548702812525184
3.0500000000000003	140.5465173660691	-34.47903619873425	-34.47903619873425	3.818977157719617
3.1	137.99016840340377	-20.365743208251637	-20.365743208251637	3.018956824936839
3.1500000000000004	135.13731063071023	-5.603248094640743	-5.603248094640753	1.5257627397462994
3.2	132.01770410263643	8.675456027180722	8.675456027180703	-0.2556795745827677
3.25	128.659207753466	21.443868305243033	21.443868305243033	-1.8893143125944145
3.3000000000000003	125.0879287338308	31.84913345228889	31.849133452288815	-3.0091856379923496
3.35	121.32835584783277	39.26274926231793	39.26274926231797	-3.396570099443176
3.4000000000000004	117.40347898961316	43.31227538023576	43.31227538023576	-3.01769961908776
3.45	113.33489623296724	43.892950505025524	43.89295050502545	-2.0167561652925934
3.5	109.1429100169628	41.15957766608772	41.159577666087756	-0.6692120737615072
3.5500000000000003	104.84661368923481	35.500384383288	35.500384383288	0.6909401617911866
3.6	100.46396951230487	27.495720815826743	27.495720815826843	1.751706108878362
3.6500000000000004	96.01187910301459	17.86535596648648	17.86535596648648	2.292623527805599
3.7	91.50624715812523	7.408722059881006	7.408722059881023	2.2284188123716597
3.75	86.96203921741076	-3.0572841445471735	-3.0572841445471397	1.6187844894336858
3.8000000000000003	82.39333412713601	-12.758407975896098	-12.758407975896098	0.6444727233888959
3.85	77.81337178958003	-21.016900458083004	-21.016900458082972	-0.442519136392771
3.9000000000000004	73.23459671703655	-27.295640848510814	-27.295640848510814	-1.3815810539071365
3.95	68.66869784958611	-31.229883534628573	-31.229883534628634	-1.9638411071181954
4.0	64.12664504430245	-32.64499895418039	-32.64499895418036	-2.0766605199646526
4.05	59.618722598055726	-31.5596470141776	-31.559647014177507	-1.723186434448356
4.1000000000000005	55.1545601260896	-28.17487775417799	-28.174877754178024	-1.0141255858558444
4.15	50.743161083263914	-22.850625014316545	-22.850625014316545	-0.13539462383676393
4.2	46.39292918364417	-16.071881082250812	-16.07188108225085	0.6994408710307957
4.25	42.111692946576795	-8.407463287933044	-8.407463287933089	1.3001170911918258
4.3	37.90672857291585	-0.4646728967660301	-0.4646728967660447	1.5421429963917843
4.3500000000000005	33.78478133331408	7.156714268825009	7.156714268824951	1.3915749688263495
4.4	29.752085631237414	13.907795856147743	13.907795856147686	0.907470656947124
4.45	25.81438388607223	19.328240064523214	19.328240064523133	0.22277357017269275
4.5	21.976944366377072	23.07587854432565	23.07587854432562	-0.49072675298612894
4.55	18.244578089637947	24.9464283918599	24.946428391859847	-1.0643892355081779
4.6000000000000005	14.62165489246582	24.882358486212834	24.88235848621281	-1.3716130305364014
4.65	11.112118764357033	22.970733711058912	22.970733711058912	-1.3548427455765109
4.7	7.719502528034664	19.430665998901578	19.430665998901553	-1.0351180956666393
4.75	4.446941940680973	14.591718416056775	14.59171841605683	-0.5029156349241112
4.800000000000001	1.297189282246253	8.865200178323507	8.86520017832348	0.10659717160146148
4.8500000000000005	-1.7273735101385432	2.7107197876272995	2.7107197876272995	0.6473505611518523
4.9	-4.624722109122528	-3.399393463775335	-3.399393463775309	0.9969172793333008
4.95	-7.393177418866188	-9.015142369628688	-9.015142369628649	1.0837815461837454
5.0	-10.031393510206067	-13.740876450702283	-13.740876450702258	0.9013907078493916
5.050000000000001	-12.538345832778134	-17.262074244253828	-17.26207424425378	0.5064022189341545
5.1000000000000005	-14.913319671946216	-19.36516209534321	-19.365162095343184	0.002322269010785673
5.15	-17.15589882238324	-19.949207236527787	-19.949207236527787	-0.48694630298414815
5.2	-19.265954453666364	-19.02895327035143	-19.02895327035142	-0.8470128020628598
5.25	-21.243634146630402	-16.729310628169745	-16.729310628169745	-0.9992489191841061
5.300000000000001	-23.089351082028532	-13.272026647557865	-13.272026647557889	-0.9174525699945223
5.3500000000000005	-24.803773365883774	-8.955797071920912	-8.955797071920925	-0.6315012000891104
5.4	-26.387813478266615	-4.131507384083946	-4.131507384083969	-0.21775093287639713
5.45	-27.84261783448977	0.8254180524524702	0.8254180524524586	0.22097126999930367
5.5	-29.16955644973384	5.543444338685136	5.543444338685096	0.5806453917881828
5.550000000000001	-30.37021269992369	9.68203759052404	9.682037590524029	0.7804745010706077
5.6000000000000005	-31.446373173392814	12.955535955282942	12.955535955282885	0.7807815143531343
5.65	-32.40001760930259	15.152159498804945	15.152159498804922	0.5904967996332258
5.7	-33.23330892023469	16.146947725216382	16.14694772521637	0.26294245887561013
5.75	-33.94858329751812	15.907895981405394	15.907895981405352	-0.11859588391426816
5.800000000000001	-34.548340399075784	14.495080429534445	14.495080429534413	-0.4616998044740552
5.8500000000000005	-35.03523362045641	12.053077130951353	12.053077130951344	-0.6869076639743175
5.9	-35.412060450722606	8.7974570336473	8.797457033647289	-0.7458405314738312
5.95	-35.681752915603944	4.996542322773653	4.996542322773653	-0.6312844898639058
6.0	-35.847368111046826	0.9499140039987847	0.9499140039987847	-0.3771974300995502
6.050000000000001	-35.91207883098073	-3.034652933476498	-3.0346529334764742	-0.04904805177700278
6.1000000000000005	-35.87916429359195	-6.664091479770018	-6.664091479769987	0.27285866245833007
6.15	-35.75200097094073	-9.681115098013231	-9.68111509801319	0.512878343474996
6.2	-35.53405352715837	-11.88198143075596	-11.881981430755948	0.6176591450720541
6.25	-35.22886587082908	-13.129756436972748	-13.129756436972748	0.5678413154950269
6.300000000000001	-34.840052327438116	-13.36225390559663	-13.362253905596551	0.3813054712688302
6.3500000000000005	-34.37128893800307	-12.594239332729831	-12.594239332729849	0.10752993441808449
6.4	-33.8263048902615	-10.91391803648165	-10.913918036481615	-0.18527879823447313
6.45	-33.208874088849214	-8.474143400875686	-8.474143400875676	-0.4269836761605844
6.5	-32.52280687107381	-5.47915261546698	-5.479152615466975	-0.5621438310452136
6.550000000000001	-31.771941874882344	-2.1679386537167185	-2.1679386537167162	-0.5625626683565188
6.6000000000000005	-30.960138065704502	1.2044212113183885	1.204421211318384	-0.43295132799042485
6.65	-30.0912669288085	4.386050960276828	4.3860509602768145	-0.20862264205570524
6.7	-29.169204833698636	7.146744275130938	7.14674427513091	0.05395480834162169
6.75	-28.19782557713386	9.29428718555827	9.294287185558233	0.29126139953629737
6.800000000000001	-27.18099311106486	10.687502444898092	10.687502444898074	0.44799888464246296
6.8500000000000005	-26.12255446179153	11.245156143919893	11.245156143919893	0.4898861973705378
6.9	-25.02633284636215	10.950194731853687	10.95019473185366	0.41104419380112006
6.95	-23.896120992105658	9.849137560839806	9.849137560839797	0.23441150364033628
7.0	-22.73567466495469	8.046809503200508	8.046809503200478	0.005330557344841415
7.050000000000001	-21.548706411958573	5.696933889240238	5.696933889240194	-0.21995012831476962
7.1000000000000005	-20.33887952314891	2.989394214395553	2.989394214395527	-0.38796959862071484
7.15	-19.109802217633433	0.13519411788193852	0.13519411788192542	-0.4606333938839788
7.2	-17.86502205849754	-2.6497151880490537	-2.6497151880490537	-0.4237392771159792
7.25	-16.608020600792187	-5.160520482228785	-5.160520482228789	-0.2895648881350548
7.300000000000001	-15.342208276553677	-7.218365674829575	-7.218365674829583	-0.09309712137275669
7.3500000000000005	-14.070919520475274	-8.68285036144497	-8.682850361444952	0.1169999388248566
7.4	-12.797408139475554	-9.461352554255827	-9.461352554255802	0.2903719784162584
7.45	-11.524842929117199	-9.514576450296364	-9.514576450296339	0.38698332472751157
7.5	-10.256303539372295	-8.85801914324334	-8.858019143243332	0.38630135465426807
7.550000000000001	-8.99477659192663	-7.559357804553531	-7.559357804553523	0.2915672155330195
7.6000000000000005	-7.743152050832656	-5.732058202863291	-5.732058202863286	0.12829180533842555
7.65	-6.504219847872127	-3.52577484868967	-3.5257748486896574	-0.06248955265372452
7.7	-5.280666763691655	-1.1143336399840955	-1.1143336399840873	-0.23444432175228216
7.75	-4.0750735653202925	1.3177552128743268	1.317755212874331	-0.34711994416530445
7.800000000000001	-2.889912400286398	3.589222815774747	3.589222815774747	-0.37538944345776787
7.8500000000000005	-1.7275444472020662	5.5353689475172105	5.535368947517204	-0.3149740726098806
7.9	-0.5902178222502673	7.019824823864563	7.019824823864554	-0.18284689151839517
7.95	0.519934259402327	7.943924531297963	7.943924531297954	-0.012571011890532746
8.0	1.6008950685321792	8.25305509958388	8.25305509958388	0.15417279355295344
8.05	2.650765694947943	7.93959318405013	7.939593184050122	0.27774560968442513
8.1	3.667766130761971	7.042297170444887	7.042297170444871	0.3299333964976212
8.15	4.650236106384043	5.642287527128913	5.6422875271288975	0.30034418463959256
8.200000000000001	5.596635682077608	3.855995990034448	3.855995990034448	0.198381876204365
8.25	6.505545598309086	1.8256779147492717	1.8256779147492754	0.05045073676554242
8.3	7.375667388482725	-0.2917529761511974	-0.29175297615121243	-0.10681172188383267
8.35	8.205823257973982	-2.3367030958924015	-2.336703095892417	-0.23555314955324683
8.4	8.994955733781694	-4.15878730969577	-4.158787309695784	-0.3057672064965072
8.450000000000001	9.742127089355694	-5.627751883147461	-5.627751883147453	-0.3022378722834034
8.5	10.446518549592005	-6.642648806319768	-6.642648806319768	-0.22777019052287453
8.55	11.107429281196541	-7.138625585787225	-7.138625585787225	-0.1020372457867414
8.6	11.724275173986562	-7.090885255411315	-7.090885255411316	0.04356515399339633
8.65	12.296587418959097	-6.515590319416947	-6.515590319416947	0.1737240960918217
8.700000000000001	12.82401088924491	-5.467714873247216	-5.467714873247223	0.25774466875324076
8.75	13.306302330309528	-4.036074050112066	-4.036074050112062	0.2767602184042951
8.8	13.743328366033674	-2.3359628203704146	-2.33596282037041	0.22793233806059449
8.85	14.135063327563037	-0.5000026204678977	-0.5000026204679048	0.12471609277374289
8.9	14.481586911931824	1.3320871007722228	1.3320871007722228	-0.0067722154078926
8.950000000000001	14.783081677864988	3.0240122007195365	3.0240122007195334	-0.13431889449252749
9.0	15.039830386128859	4.452937559809528	4.452937559809521	-0.22746751695008802
9.05	15.25221319218307	5.518300364830141	5.518300364830141	-0.2647566907142586
9.1	15.420704698894639	6.1487784190854375	6.148778419085445	-0.2386279217007131
9.15	15.545870877318299	6.30693891173714	6.30693891173714	-0.15688899148673568
9.200000000000001	15.628365863647183	5.991274739334966	5.9912747393349735	-0.04046794819089125
9.25	15.668928640504694	5.235534763776882	5.235534763776889	0.08191501194628088
9.3	15.668379610961901	4.105456262414664	4.105456262414667	0.18080962837104197
9.35	15.627617073613647	2.6931973611655073	2.6931973611655042	0.2331017801385634
9.4	15.547613607219192	1.1099307492997	1.1099307492997	0.22739440773841643
9.450000000000001	15.429412373398101	-0.5228140313004112	-0.5228140313004103	0.16645667111698068
9.5	15.274123345943268	-2.082392434050249	-2.082392434050246	0.06622504442586338
9.55	15.082919475304225	-3.454174530569913	-3.4541745305698996	-0.04832357027552051
9.600000000000001	14.857032796822175	-4.539888968624234	-4.539888968624221	-0.14936624383428326
9.65	14.597750491279363	-5.2645799696278175	-5.264579969627805	-0.21296569330138732
9.700000000000001	14.306410906233483	-5.581691098576808	-5.581691098576808	-0.22471581329714588
9.75	13.984399546697462	-5.47593808732987	-5.47593808732987	-0.18297472709915139
9.8	13.633145043533299	-4.9638034203204136	-4.963803420320394	-0.0989664741023275
9.850000000000001	13.25411510789075	-4.091664686884991	-4.091664686884975	0.006201926660329191
9.9	12.848812480004684	-2.9317434644116402	-2.931743464411633	0.10682409270493823
9.950000000000001	12.418770880423589	-1.576218923984143	-1.5762189239841524	0.17886147745853398
10.0	11.965550971764765	-0.12997918144140408	-0.12997918144140722	0.2056709238451573
10.05	11.49073633884681	1.2974252800799735	1.2974252800799704	0.18183231054347704
10.100000000000001	10.995929494972675	2.6000140040784387	2.600014004078436	0.11420100276475513
10.15	10.48274792194367	3.683181053956319	3.68318105395631	0.019993726391755718
10.200000000000001	9.952820151231462	4.470501671805572	4.470501671805572	-0.07756866101125978
10.25	9.407781893522891	4.909056217981783	4.90905621798179	-0.15496399486757506
10.3	8.8492722237057	4.97290573705633	4.972905737056324	-0.1940208961173159
10.350000000000001	8.278929828077146	4.664497439904479	4.664497439904473	-0.1861658654472909
10.4	7.6983893204586655	4.013935942680036	4.01393594268004	-0.13427674459409822
10.450000000000001	7.109277633520178	3.076215364140342	3.076215364140347	-0.05174870737954816
10.5	6.513210491523124	1.9266565576033965	1.9266565576033932	0.040944385802633605
10.55	5.911788970341513	0.654922015777799	0.654922015777799	0.12131571712098502
10.600000000000001	5.306596150426151	-0.6419207429528756	-0.6419207429528785	0.17030880367238632
10.65	4.699193868088408	-1.8667549138464667	-1.8667549138464608	0.17680415556269408
10.700000000000001	4.091119570192505	-2.929635840548507	-2.929635840548501	0.14012689990961347
10.75	3.4838832771069668	-3.7543450211743945	-3.754345021174392	0.06999441174915448
10.8	2.8789646584656237	-4.28380294037179	-4.283802940371784	-0.01603122476011315
10.850000000000001	2.2778102259670217	-4.483960320062727	-4.483960320062727	-0.096923549278427
10.9	1.6818306472143074	-4.3459071523294215	-4.345907152329415	-0.15331589414285332
10.950000000000001	1.0923981842136175	-3.8860757408315223	-3.886075740831517	-0.17212371369231994
11.0	0.5108442599359505	-3.1445574999006283	-3.1445574999006283	-0.14956476620699907
11.05	-0.06154284403323476	-2.18169270842446	-2.1816927084244657	-0.09188343021727302
11.100000000000001	-0.6235201559887956	-1.0732175494698801	-1.0732175494698801	-0.013650534263918516
11.15	-1.173892046331871	0.09564541103860741	0.09564541103860741	0.06590504104489622
11.200000000000001	-1.7115121213652413	1.2366957558557592	1.2366957558557508	0.127612837094697
11.25	-2.2352849768661267	2.265368973133853	2.265368973133846	0.1569713190294304
11.3	-2.7441678099395297	3.1069626372629857	3.1069626372629804	0.14754616745757984
11.350000000000001	-3.237171887928359	3.702019682889513	3.702019682889513	0.10236274527909538
11.4	-3.7133638735255996	4.010483981107531	4.010483981107523	0.03299642050682114
11.450000000000001	-4.171867005478077	4.014341235365215	4.014341235365209	-0.04337655782605709
11.5	-4.611862134658488	3.7185755757864483	3.7185755757864376	-0.10821964377222439
11.55	-5.032588615482095	3.150400116780128	3.1504001167801223	-0.14612368158693081
11.600000000000001	-5.433345053016547	2.3568485044204572	2.35684850442046	-0.14845755212877848
11.65	-5.813489906425738	1.4009345692150987	1.4009345692151027	-0.11531920318023442
11.700000000000001	-6.1724419496060525	0.35668987405617003	0.35668987405617536	-0.05534931039881036
11.75	-6.509680590275281	-0.6965330983766299	-0.6965330983766274	0.016507970881101734
11.8	-6.824746048910672	-1.6800564913118363	-1.680056491311822	0.08272041681938193
11.850000000000001	-7.117239399345567	-2.521720949285711	-2.5217209492857084	0.12743800433026212
11.9	-7.3868224729741145	-3.1611462860816366	-3.1611462860816206	0.14028005261993473
11.950000000000001	-7.633217628882658	-3.5540279528175334	-3.554027952817515	0.11873637236869798
12.0	-7.856207392355236	-3.6751662619036365	-3.675166261903626	0.06862944125448737
12.05	-8.055633964577071	-3.520024441884381	-3.5200244418843702	0.0025612606885049055
12.100000000000001	-8.231398606478205	-3.104724192879573	-3.1047241928795635	-0.06324497819341263
12.15	-8.383460899924227	-2.46450491643019	-2.4645049164301875	-0.11291918363747923
12.200000000000001	-8.511837889720269	-1.650786418664558	-1.6507864186645553	-0.1347629367930753
12.25	-8.616603110016866	-0.7270762748763915	-0.7270762748763895	-0.12399534413674727
12.3	-8.697885498964034	0.23595511750378428	0.23595511750378365	-0.08378361121616822
12.350000000000001	-8.755868205622757	1.165852229468553	1.165852229468553	-0.02434011967453233
12.4	-8.790787293296887	1.993797803941119	1.993797803941119	0.03966272132913137
12.450000000000001	-8.802930343676469	2.6596781236983245	2.65967812369832	0.09270773378552867
12.5	-8.792634966236983	3.116419392671566	3.1164193926715553	0.12218933949442176
12.55	-8.76028721758195	3.3332845589876547	3.33328455898764	0.12140333166051816
12.600000000000001	-8.706319935467572	3.297902083739515	3.2979020837395097	0.0910625891907782
12.65	-8.631210992419524	3.0168959862052853	3.0168959862052778	0.03899852690950847
12.700000000000001	-8.535481473926021	2.5150924712767235	2.5150924712767186	-0.021848940147099576
12.75	-8.419693786288704	1.8333845799677282	1.8333845799677173	-0.0766393965738644
12.8	-8.284449699339039	1.0254347244402944	1.025434724440293	-0.112244263885129
12.850000000000001	-8.130388329206465	0.15347849541229988	0.1534784954122987	-0.12038567577494191
12.9	-7.958184066511947	-0.7164442016145653	-0.7164442016145629	-0.09955286838516961
12.950000000000001	-7.768544455271759	-1.5194671391189094	-1.5194671391189096	-0.0552542306887368
13.0	-7.562208027949514	-2.196711435431536	-2.196711435431533	0.0014282421315795848
13.05	-7.3399421020336835	-2.699579416295068	-2.6995794162950593	0.056605456026533996
13.100000000000001	-7.102540543577634	-2.9932172832616173	-2.9932172832616106	0.09697967066974404
13.15	-6.850821503129934	-3.058901746767699	-3.0589017467676958	0.1130447206947177
13.200000000000001	-6.585625129448847	-2.895189495747788	-2.8951894957477786	0.1013191348385557
13.25	-6.307811266415414	-2.5177627851599684	-2.5177627851599613	0.06508900395743317
13.3	-6.018257138467396	-1.9580023586660211	-1.9580023586660187	0.013505376982957161
13.350000000000001	-5.717855029915145	-1.2604130633107122	-1.260413063310703	-0.040719572843873925
13.4	-5.407509963330774	-0.47911092530735105	-0.4791109253073487	-0.08443919835424168
13.450000000000001	-5.088137382279139	0.32635289066046297	0.32635289066046186	-0.10725410307069995
13.5	-4.760660843412894	1.0955106203107252	1.0955106203107252	-0.10398007884613765
13.55	-4.42600972305608	1.771497616729035	1.7714976167290302	-0.07581778974477225
13.600000000000001	-4.085116943130958	2.305236892144132	2.3052368921441277	-0.02996225215305162
13.65	-3.738916721295431	2.658982019095169	2.658982019095167	0.02222916111702021
13.700000000000001	-3.388342349987483	2.80896414870696	2.808964148706953	0.06804537151944051
13.75	-3.034324008983194	2.7469592567400927	2.7469592567400856	0.0965135357142149
13.8	-2.6777866158924786	2.480674721221063	2.4806747212210607	0.10102324829497109
13.850000000000001	-2.3196477189525826	2.032943620781744	2.032943620781743	0.08085647898289396
13.9	-1.9608154362427201	1.439803997240411	1.4398039972404035	0.04127054543245683
13.950000000000001	-1.6021864453772028	0.7476221553327014	0.747622155332697	-0.00786378784012821
14.0	-1.2446440275066626	0.009487899065025755	0.009487899065021293	-0.05451810838470807
14.05	-0.8890561693114458	-0.7188394988987794	-0.7188394988987783	-0.08744621969047221
14.100000000000001	-0.5362737265200921	-1.3831263563872709	-1.3831263563872709	-0.0988905387878962
14.15	-0.187128652255301	-1.9346863260210518	-1.9346863260210476	-0.08640468497903706
14.200000000000001	0.1575677066361496	-2.3339318359703687	-2.3339318359703665	-0.053365153203620654
14.25	0.49702624226547726	-2.5531974316256147	-2.5531974316256125	-0.008068020762451989
14.3	0.8304816447364345	-2.5786350340728292	-2.5786350340728315	0.03834997947976517
14.350000000000001	1.1571938848519654	-2.4110530032865256	-2.4110530032865234	0.07464619702621239
14.4	1.476449618205171	-2.0656512882744593	-2.065651288274455	0.09219200747374558
14.450000000000001	1.7875635084565826	-1.570687768911609	-1.5706877689116046	0.0870207925776164
14.5	2.089879467850488	-0.9651899550194813	-0.9651899550194787	0.060718794100155925
14.55	2.382771813237757	-0.29589568260273935	-0.29589568260273724	0.019960396546011706
14.600000000000001	2.6656463360453175	0.3863386972311952	0.3863386972311994	-0.025180105240420046
14.65	2.9379412848550697	1.0303877813243854	1.0303877813243862	-0.06371439141891508
14.700000000000001	3.1991282595302244	1.5886739598712167	1.5886739598712212	-0.08641113665832939
14.75	3.4487130159208186	2.020667765844807	2.020667765844807	-0.08800369901055259
14.8	3.686236180468253	2.2958152750271386	2.295815275027141	-0.0684073076897807
14.850000000000001	3.911273874273859	2.395682237239265	2.3956822372392628	-0.032665561813624566
14.9	4.123438246273938	2.3151657790566196	2.3151657790566196	0.01034274837575225
14.950000000000001	4.322377915502089	2.062695953133363	2.062695953133359	0.05010618980275644
15.0	4.507778322577246	1.6594256688239646	1.6594256688239635	0.07704707268204734
15.05	4.679361990721508	1.1374828869567142	1.137482886956712	0.08482583336148668
15.100000000000001	4.836888696861713	0.537427806485379	0.5374278064853771	0.07182970161127228
15.15	4.980155553546923	-0.09488492185747797	-0.09488492185748004	0.041496945255818186
15.200000000000001	5.108997002595318	-0.7117972596870963	-0.7117972596870993	0.001414458995248294
15.25	5.2232847215852205	-1.267427307194825	-1.267427307194823	-0.038575981481997826
15.3	5.322927444495084	-1.7210693709154778	-1.7210693709154778	-0.06879094102165252
15.350000000000001	5.407870697918779	-2.0401635315961273	-2.0401635315961273	-0.08204699710063437
15.4	5.478096454562654	-2.202619016851678	-2.202619016851672	-0.07536525109373185
15.450000000000001	5.53362270579773	-2.1983266260077596	-2.198326626007759	-0.05063494146232245
15.5	5.574502955228486	-2.0297580009533647	-2.0297580009533607	-0.014089752036313448
15.55	5.600825635448708	-1.7116188828458196	-1.7116188828458156	0.025260334906985135
15.600000000000001	5.612713450205787	-1.2695943923401996	-1.2695943923401956	0.0578480020312865
15.65	5.610322644456732	-0.7382915249415604	-0.7382915249415604	0.07587255936917699
15.700000000000001	5.593842204803941	-0.15854251372832165	-0.1585425137283215	0.07516500913466806
15.75	5.563492993041761	0.4257217604723125	0.425721760472314	0.05614891671495876
15.8	5.519526815596343	0.9707897599409698	0.9707897599409698	0.023676558911432798
15.850000000000001	5.462225431768781	1.4364288962549492	1.4364288962549492	-0.014205034001598732
15.9	5.391899503821783	1.788844475768873	1.788844475768877	-0.04824524012604867
15.950000000000001	5.308887491999879	2.003121166392339	2.003121166392341	-0.07024615597596312
16.0	5.213554497731192	2.0649714533870043	2.0649714533870007	-0.07503428866139673
16.05	5.106291058261608	1.9716693936100578	1.9716693936100635	-0.06167397115789451
16.1	4.987511896094407	1.7321102103406167	1.7321102103406147	-0.03363860143149341
16.150000000000002	4.8576546266906195	1.3660021571189847	1.3660021571189829	0.002088184481913155
16.2	4.717178427857349	0.9022616684601389	0.902261668460137	0.03674985581466103
16.25	4.566562674418581	0.3767413152203757	0.3767413152203757	0.06196126632012701
16.3	4.4063055416789805	-0.17053178755371298	-0.17053178755371248	0.07173531857876458
16.35	4.236922581346066	-0.6983951682750934	-0.6983951682750902	0.06390268299902947
16.400000000000002	4.058945273459356	-1.1676377362826837	-1.1676377362826817	0.04058848591485076
16.45	3.8729195580451985	-1.5439032893783726	-1.5439032893783686	0.0076425467545878445
16.5	3.6794043500686775	-1.8001964802648445	-1.8001964802648445	-0.02682550731307855
16.55	3.4789700413943474	-1.9188091665000528	-1.9188091665000546	-0.054440046155305545
16.6	3.272196993303423	-1.8925304799519391	-1.8925304799519371	-0.06859247938746439
16.650000000000002	3.05967402328185	-1.7250589976294424	-1.7250589976294368	-0.0660205209033705
16.7	2.8419968895702787	-1.4305958606057172	-1.4305958606057176	-0.04755676811998668
16.75	2.61976677707263	-1.0326590031752534	-1.032659003175257	-0.017875631039618138
16.8	2.393588788166551	-0.562216243410893	-0.5622162434108948	0.015687571316530216
16.85	2.164070441767113	-0.05528460396327031	-0.05528460396327217	0.044947670477959625
16.900000000000002	1.9318201841895786	0.44981872268816164	0.44981872268815887	0.062864209480269
16.95	1.6974459150261048	0.9153645739265198	0.9153645739265172	0.06523391135510422
17.0	1.4615535313755381	1.3070220859567139	1.307022085956708	0.051674638072347
17.05	1.2247454935859576	1.5963823043309917	1.5963823043309897	0.025671087525427162
17.1	0.9876194156385824	1.7630102346511678	1.7630102346511642	-0.006317358163496721
17.150000000000002	0.7507666831668824	1.7958777604672882	1.7958777604672824	-0.03645896202042973
17.2	0.5147711020362895	1.6940777470958912	1.6940777470958894	-0.057465137763619584
17.25	0.28020758031053244	1.4667744138875065	1.4667744138875045	-0.06435104807714456
17.3	0.04764084630835613	1.1324025333248662	1.1324025333248662	-0.055616413132388076
17.35	-0.1823757946383355	0.717183889406033	0.7171838894060375	-0.033567287677451756
17.400000000000002	-0.40930166228396425	0.2530795553796021	0.2530795553796003	-0.0037111266718857475
17.45	-0.6326098599927227	-0.22466273688373356	-0.22466273688372995	0.026617109893220095
17.5	-0.8517883875328419	-0.6801784922873283	-0.680178492287324	0.05005555479124141
17.55	-1.0663412059861495	-1.0796719114654585	-1.0796719114654538	0.061001115676614925
17.6	-1.2757892528036197	-1.3939163522691715	-1.3939163522691678	0.05694748000546702
17.650000000000002	-1.4796714052004547	-1.6003853126528844	-1.6003853126528818	0.03905632847222301
17.7	-1.6775453901523498	-1.684859105467816	-1.684859105467816	0.011832301901168947
17.75	-1.8689886394833755	-1.642393255514463	-1.6423932555144596	-0.018008923584562825
17.8	-2.0535990885825592	-1.4775835454768282	-1.4775835454768282	-0.04319551400422138
17.85	-2.230995917524829	-1.2041158352921195	-1.2041158352921213	-0.05766989220075318
17.900000000000002	-2.4008202334577864	-0.8436422658057009	-0.8436422658056999	-0.058044008094174385
17.95	-2.5627356932740017	-0.4240752423996829	-0.4240752423996829	-0.04439020309206512
18.0	-2.716429065762521	0.02256699181863428	0.022566991818631678	-0.02018356380449182
18.05	-2.8616107325510387	0.4625974201341316	0.46259742013412986	0.008580451812527203
18.1	-2.9980151273182263	0.8631949338662442	0.8631949338662469	0.03486960498993421
18.150000000000002	-3.1254011128927774	1.1948463758732077	1.1948463758732042	0.0523329347622215
18.2	-3.2435522960320915	1.433514700707582	1.4335147007075804	0.0568338705854262
18.25	-3.3522772797534484	1.562374434368122	1.5623744343681187	0.04742862792319365
18.3	-3.4514098533398063	1.5729896430485182	1.5729896430485146	0.02655886632272735
18.35	-3.5408091201760903	1.4658525812483338	1.4658525812483303	-0.0005792078086795637
18.400000000000002	-3.6203595638035972	1.2502497845623652	1.2502497845623652	-0.02732692277302776
18.45	-3.6899710526560434	0.9434729169774043	0.9434729169774025	-0.04719548661743799
18.5	-3.749578784136713	0.5694403868961411	0.5694403868961398	-0.05543874519815297
18.55	-3.799143168763378	0.15683899892361003	0.15683899892361025	-0.05018544314775226
18.6	-3.838649655315279	-0.2630704564031345	-0.2630704564031332	-0.032861199761080324
18.650000000000002	-3.8681084979724014	-0.6588162449198248	-0.658816244919823	-0.007805737089395278
18.7	-3.887554466623269	-1.0010691475770028	-1.001069147577001	0.018812812201184356
18.75	-3.8970465015905855	-1.2648107443367569	-1.2648107443367536	0.04051527776512854
18.8	-3.896667314177412	-1.4311566270376592	-1.4311566270376577	0.05208752826725624
18.85	-3.886522934525521	-1.4887021010885635	-1.4887021010885602	0.05083214404033026
18.900000000000002	-3.8667422083946694	-1.4342949802226486	-1.4342949802226486	0.03719550481445494
18.95	-3.8374762445822306	-1.273183846887603	-1.2731838468876013	0.014624958964488219
19.0	-3.798897814767024	-1.0185373078554127	-1.0185373078554096	-0.011300842858456216
19.05	-3.7512007077360647	-0.6903767675819396	-0.6903767675819374	-0.0342494580257013
19.1	-3.6945990399004938	-0.3140085676439445	-0.3140085676439431	-0.04868015492253217
19.150000000000002	-3.629326524270486	0.08192219365375195	0.08192219365375217	-0.05118047360165536
19.200000000000003	-3.5556356999550456	0.4676068896455436	0.46760688964554276	-0.04127169307553518
19.25	-3.4737971244652965	0.8143128314116795	0.8143128314116771	-0.021493423153928833
19.3	-3.384098531083344	1.0965190824005868	1.0965190824005853	0.003245460184977564
19.35	-3.286843953644493	1.2937902129160566	1.2937902129160535	0.026884111870045167
19.400000000000002	-3.182352821141896	1.3922507885674154	1.3922507885674107	0.043693670617156594
19.450000000000003	-3.0709590245894565	1.385554608872917	1.3855546088729138	0.04966478262857691
19.5	-2.95300995865528	1.275281521234673	1.2752815212346715	0.04346287952367434
19.55	-2.8288655405483674	1.0707380583087562	1.0707380583087556	0.026723880827165113
19.6	-2.6988972087521486	0.7881828966656215	0.7881828966656167	0.0036255081907708856
19.650000000000002	-2.5634869041649124	0.4495408595401883	0.4495408595401851	-0.020154066804090317
19.700000000000003	-2.4230260362351888	0.08070671962573478	0.08070671962573478	-0.038830960921238875
19.75	-2.2779144366956245	-0.2904303480571793	-0.29043034805717893	-0.04792135160676165
19.8	-2.1285593035151398	-0.6360912854836197	-0.6360912854836189	-0.04531683524820236
19.85	-1.975374137651107	-0.9306821590265419	-0.9306821590265419	-0.03177170703844706
19.900000000000002	-1.8187776752260514	-1.152684975151145	-1.1526849751511434	-0.01068996194504698
19.950000000000003	-1.6591928176910804	-1.2862249356883217	-1.2862249356883217	0.012728990619981818
20.0	-1.4970455625432868	-1.3222003236291537	-1.322200323629152	0.03277180731566336
20.05	-1.3327639371492943	-1.2588950086063582	-1.2588950086063535	0.044604276984536076
20.1	-1.1667769381489939	-1.1020329935905002	-1.1020329935904987	0.04543651796873187
20.150000000000002	-0.9995134789646892	-0.8642764921175792	-0.8642764921175768	0.03517967226360076
20.200000000000003	-0.831401347778182	-0.5642105631422742	-0.5642105631422716	0.016439819966875362
20.25	-0.6628661783882202	-0.22489524392919358	-0.22489524392919125	-0.006142635102511725
20.3	-0.4943304363056034	0.12790238313913044	0.12790238313913121	-0.027040990139081175
20.35	-0.3262124222777544	0.4676609633235809	0.4676609633235825	-0.04119388837458495
20.400000000000002	-0.15892529553932697	0.7690947845489203	0.7690947845489218	-0.045230219963227285
20.450000000000003	0.0071238811388685186	1.010031815597512	1.010031815597512	-0.03827103743940838
20.5	0.17153507251352193	1.1730406648768585	1.173040664876857	-0.02211796541765166
20.55	0.3339161760183626	1.2466873702224066	1.246687370222405	-0.0007885106864857747
20.6	0.49388389914081937	1.2263317381193382	1.2263317381193366	0.02048229336770635
20.650000000000002	0.6510646071537163	1.1144082186490507	1.1144082186490492	0.03652604452998677
20.700000000000003	0.8050951394843509	0.9201753352275094	0.9201753352275078	0.04349612112294958
20.75	0.9556235930357642	0.6589575358594848	0.6589575358594811	0.03978919362077266
20.8	1.102310070952288	0.35094101296450525	0.35094101296450636	0.026412540468239744
20.85	1.2448273952925772	0.019617760126016372	0.019617760126014874	0.006713421019826889
20.900000000000002	1.382861782321491	-0.31000249841024735	-0.3100024984102481	-0.014457440284744782
20.950000000000003	1.516113479090617	-0.6132766790149596	-0.6132766790149573	-0.031939441445214024
21.0	1.6442973601951925	-0.8677672911543336	-0.8677672911543336	-0.04151925152705042
21.05	1.7671434836194213	-1.05489899745255	-1.0548989974525484	-0.04094544676838398
21.1	1.8843976047195892	-1.1613107370183442	-1.1613107370183442	-0.030456473987132738
21.150000000000002	1.9958216475411874	-1.1798052689731613	-1.1798052689731613	-0.012698405020947387
21.200000000000003	2.1011941326766146	-1.109828996839669	-1.109828996839666	0.007941592675140254
21.25	2.2003105610807427	-0.9574506587612269	-0.9574506587612254	0.026418432357920213
21.3	2.2929837533286994	-0.7348452017126502	-0.7348452017126502	0.038261683038841116
21.35	2.3790441438801646	-0.4593260638369402	-0.45932606383693914	0.04065657626844524
21.400000000000002	2.458340030102255	-0.15200242010709528	-0.15200242010709455	0.03311220805361628
21.450000000000003	2.5307377758109646	0.16383475242008544	0.16383475242008727	0.01755852024411182
21.5	2.5961219693116275	0.4644746444456746	0.46447464444567677	-0.002146028296990949
21.55	2.6543955359431006	0.727563562500126	0.7275635625001282	-0.02117081172413056
21.6	2.705479805254837	0.9337639170835136	0.9337639170835123	-0.03489655295179646
21.650000000000002	2.7493145331102093	1.0681723596451314	1.0681723596451296	-0.0400361998114839
21.700000000000003	2.7858578790125192	1.1213933101109177	1.1213933101109177	-0.035421332022442374
21.75	2.815086339160068	1.0901908229105866	1.0901908229105879	-0.022266130752194784
21.8	2.8369946357479776	0.9776739548924388	0.9776739548924401	-0.0038496895676739203
21.85	2.8515955632026393	0.7930060667529626	0.7930060667529598	0.015300629847266281
21.900000000000002	2.8589197920840457	0.5506641489097794	0.5506641489097794	0.030521603041447153
21.950000000000003	2.8590156315118946	0.2693076465639741	0.26930764656397466	0.0381491371198036
22.0	2.851948751047422	-0.02965510525676171	-0.02965510525676162	0.036399749175889
22.05	2.83780186305475	-0.3236929328823672	-0.3236929328823669	0.025786622914660523
22.1	2.8166743666751697	-0.5908470729613983	-0.5908470729613983	0.008973441051612272
22.150000000000002	2.788681954573665	-0.8113682777323045	-0.8113682777323059	-0.009893247644921164
22.200000000000003	2.7539561837611224	-0.9691739319597181	-0.9691739319597167	-0.02620598890000432
22.25	2.7126440118064794	-1.0530178867358788	-1.0530178867358801	-0.03602098843799789
22.3	2.664907299901199	-1.0572881499169018	-1.0572881499169047	-0.037010941225935824
22.35	2.6109222841949284	-0.9823761457320667	-0.9823761457320667	-0.029016057571587237
22.400000000000002	2.5508790170229614	-0.8345937778857696	-0.8345937778857708	-0.014063011138219937
22.450000000000003	2.4849807795687777	-0.6256485368083571	-0.6256485368083556	0.00414792136072523
22.5	2.413443467651646	-0.3717198293134902	-0.3717198293134884	0.021157973508398688
22.55	2.3364949523457854	-0.09220912706517922	-0.09220912706517956	0.03284108832809766
22.6	2.2543744171735387	0.19173973715435447	0.1917397371543541	0.03640428450284434
22.650000000000002	2.1673316736963324	0.4588374716561511	0.45883747165614974	0.03105477856035883
22.700000000000003	2.075626457295102	0.6892430097845494	0.6892430097845494	0.018174669904858987
22.75	1.9795277050260272	0.8660348617717701	0.8660348617717679	0.0009651636579555499
22.8	1.879312817464565	0.9764512123616165	0.9764512123616165	-0.016348373882477032
22.85	1.7752669063971795	1.0128080829579682	1.0128080829579666	-0.02955327197127564
22.900000000000002	1.667682030342859	0.9730297339126366	0.9730297339126366	-0.0354740187246214
22.950000000000003	1.556856419814154	0.8607550405512686	0.8607550405512692	-0.03273531659738652
23.0	1.4430936942978223	0.6850155864419583	0.6850155864419583	-0.02208050485965871
23.05	1.3267020728757986	0.45951326651955104	0.45951326651955104	-0.006171877000390796
23.1	1.2079935804596968	0.20155488633621765	0.201554886336219	0.011073937510163435
23.150000000000002	1.0872832516306457	-0.06927361602124596	-0.06927361602124596	0.02544976867080421
23.200000000000003	0.9648883339044688	-0.3325919507206884	-0.3325919507206887	0.03348383396850925
23.25	0.841127492482063	-0.5687568746105361	-0.5687568746105354	0.03327773893640932
23.3	0.7163200183028903	-0.760325305311972	-0.7603253053119706	0.02495439674147999
23.35	0.5907850413011607	-0.8933403406222036	-0.8933403406222028	0.010610356924048978
23.400000000000002	0.46484075073735	-0.958345543971399	-0.9583455439713976	-0.006211513166958729
23.450000000000003	0.33880362438756323	-0.9510539792387883	-0.9510539792387883	-0.021396538148925035
23.5	0.21298766841541353	-0.8726249146338616	-0.8726249146338588	-0.031264196696174425
23.55	0.08770366963948041	-0.7295308449866867	-0.7295308449866855	-0.03345970693225682
23.6	-0.03674153808713769	-0.5330282552703571	-0.5330282552703571	-0.027515362730592137
23.650000000000002	-0.1600457917385363	-0.2982750572339632	-0.2982750572339639	-0.014947946234742503
23.700000000000003	-0.2819122996258686	-0.043163681423361695	-0.04316368142336367	0.0011274614471923938
23.75	-0.4020503229875039	0.2130405186850663	0.21304051868506563	0.01676915214454111
23.8	-0.5201758371920232	0.4511520947082324	0.45115209470823275	0.028174908314962412
23.85	-0.6360121711227289	0.6535001574652799	0.6535001574652792	0.03260587604027005
23.900000000000002	-0.7492906233654365	0.805237728101062	0.8052377281010608	0.029043810497875116
23.950000000000003	-0.8597510539210612	0.8954289223454437	0.8954289223454425	0.01842409010598836
24.0	-0.9671424501976115	0.9178345234688964	0.9178345234688945	0.0033914386880834835
24.05	-1.0712234661489304	0.8713397116990097	0.8713397116990084	-0.012358146963930049
24.1	-1.1717629334404147	0.7599949399140317	0.7599949399140303	-0.024985646112362092
24.150000000000002	-1.2685403436770568	0.5926701096552573	0.592670109655258	-0.03144435113554357
24.200000000000003	-1.3613463007248117	0.3823511122869282	0.3823511122869273	-0.030214504557856042
24.25	-1.449982942306382	0.14513429899641486	0.1451342989964155	-0.021660199452611304
24.3	-1.53426433007675	-0.1010034301557505	-0.10100343015574857	-0.00792489621972849
24.35	-1.6140168075175063	-0.3375650913111078	-0.3375650913111078	0.007605139364764642
24.400000000000002	-1.6890793249961784	-0.5469218191519175	-0.5469218191519175	0.02113529809292392
24.450000000000003	-1.7593037315344926	-0.7136247593573366	-0.7136247593573354	0.029389458074154495
24.5	-1.8245550327940838	-0.825543161833982	-0.82554316183398	0.030402899348754
24.55	-1.884711614942733	-0.8747449774230183	-0.8747449774230169	0.02398948820206317
24.6	-1.9396654341416173	-0.8580561971892654	-0.8580561971892628	0.011772166892234506
24.650000000000002	-1.9893221714608755	-0.7772597140275699	-0.7772597140275673	-0.0032270409132665726
24.700000000000003	-2.0336013531221844	-0.6389217595214922	-0.6389217595214897	-0.017334091138489112
24.75	-2.0724364360534624	-0.4538619141064404	-0.4538619141064395	-0.027122470330694613
24.8	-2.1057748588307383	-0.2363092114554152	-0.2363092114554152	-0.03024508051975081
24.85	-2.133578058155629	-0.002809987671150648	-0.0028099876711508037	-0.025996581296430673
24.900000000000002	-2.1558214510753286	0.2290288391385111	0.22902883913850983	-0.01547156085912053
24.950000000000003	-2.172494383322496	0.4418657400417707	0.4418657400417688	-0.001283361677341215
25.0	-2.1836000440672776	0.6199200649098371	0.6199200649098352	0.013084415698018386
25.05	-2.189155347666159	0.7501403965614641	0.7501403965614629	0.0241329107621346
25.1	-2.189190782856219	0.8231593956416033	0.823159395641601	0.02919974328465429
25.150000000000002	-2.183750230054554	0.8339654183853563	0.8339654183853557	0.027100236097661785
25.200000000000003	-2.172890747483206	0.7822429252529984	0.7822429252529964	0.01840377478309031
25.25	-2.1566823268117052	0.6723588489299768	0.6723588489299749	0.005281002347838976
25.3	-2.135207619198669	0.5129987481600367	0.5129987481600344	-0.009037490185152618
25.35	-2.1085616326274494	0.3164827345683079	0.31648273456830694	-0.021056095744976223
25.400000000000002	-2.0768514014410604	0.09781487131156905	0.09781487131156874	-0.02786722672073078
25.450000000000003	-2.040195629162314	-0.12646074820170589	-0.12646074820170575	-0.027854365999683592
25.5	-1.998724305599948	-0.33951015151233277	-0.3395101515123325	-0.02107521808128783
25.55	-1.9525782994277439	-0.5254715176182144	-0.5254715176182138	-0.009234263095789251
25.6	-1.9019089273730614	-0.6706345875614715	-0.6706345875614692	0.0047453252402439245
25.650000000000002	-1.846877501251308	-0.7644498746464136	-0.764449874646413	0.01744300565230914
25.700000000000003	-1.7876548541250505	-0.8002935074963408	-0.8002935074963383	0.02577752836425904
25.75	-1.7244208468655335	-0.7759323941776819	-0.7759323941776808	0.027754357624689398
25.8	-1.6573638565054938	-0.6936572399634174	-0.6936572399634169	0.022942629849757385
25.85	-1.5866802477280673	-0.5600760460278866	-0.5600760460278864	0.01256768535745161
25.900000000000002	-1.5125738289065873	-0.38558616779495003	-0.38558616779494886	-0.0008003162242506475
25.950000000000003	-1.4352552941554184	-0.18356691413850593	-0.1835669141385041	-0.013882715334468986
26.0	-1.3549416528253393	0.03064475298393903	0.030644752983939625	-0.02349615211594069
26.05	-1.2718556479391616	0.24091711755614986	0.24091711755615047	-0.027326859482749863
26.1	-1.1862251650402784	0.4315371417199906	0.43153714171998997	-0.02448718826397841
26.150000000000002	-1.0982826329958117	0.5883832620939262	0.5883832620939243	-0.01572058483199106
26.200000000000003	-1.0082644182419425	0.6999701193794147	0.6999701193794136	-0.0032078624179841487
26.25	-0.916410213986799	0.7582880387238721	0.7582880387238715	0.009974967268225958
26.3	-0.82296242592619	0.7593760205620402	0.7593760205620397	0.020612603018446526
26.35	-0.7281655559470314	0.70358740239796	0.7035874023979595	0.026134416127136257
26.400000000000002	-0.6322655853619518	0.5955306518264621	0.5955306518264621	0.02523538562816411
26.450000000000003	-0.5355093591515462	0.4436921857467579	0.4436921857467576	0.01818409140317956
26.5	-0.4381439727365078	0.25977184445652646	0.2597718444565276	0.006745191456718008
26.55	-0.340416162700319	0.05778291269876056	0.05778291269876232	-0.0062617763900185445
26.6	-0.24257170296656766	-0.14701419860212586	-0.14701419860212706	-0.017657056396557482
26.650000000000002	-0.1448548078211117	-0.33926357357226605	-0.33926357357226605	-0.024677724438800123
26.700000000000003	-0.04750754318721601	-0.504663907379114	-0.5046639073791147	-0.02564729948342642
26.75	0.04923075246875328	-0.6310310730598596	-0.631031073059859	-0.020375698242155953
26.8	0.14512403625608888	-0.7091942895385466	-0.7091942895385466	-0.010194203931589983
26.85	0.23994011674516877	-0.7336600793049578	-0.7336600793049572	0.002380290005908693
26.900000000000002	0.333451196302196	-0.702996067506639	-0.7029960675066379	0.014267193578020428
26.950000000000003	0.4254343986906407	-0.6199079907636491	-0.6199079907636486	0.022576690211310292
27.0	0.5156722807624515	-0.49100643399016075	-0.49100643399016075	0.025312048016524417
27.05	0.6039533270748524	-0.3262830519803562	-0.32628305198035545	0.02184915133531788
27.1	0.6900724264171058	-0.13833762089989968	-0.13833762089989793	0.013078161663607887
27.150000000000002	0.7738313291642872	0.0585843992156395	0.0585843992156395	0.0011753519150550667
27.200000000000003	0.8550390844978085	0.24967037360700395	0.24967037360700395	-0.010936550188587645
27.25	0.9335124566090324	0.42065351310637766	0.4206535131063782	-0.020305762434951413
27.3	1.009076318963481	0.558876862992509	0.558876862992509	-0.024670563387822326
27.35	1.0815640258995547	0.6542289995566525	0.6542289995566507	-0.023004989627029158
27.400000000000002	1.1508177607308014	0.699882353118653	0.6998823531186507	-0.015759515308676437
27.450000000000003	1.2166888597814953	0.6927803490322039	0.6927803490322026	-0.004740368664298114
27.5	1.2790381116283507	0.633838744724082	0.6338387447240798	0.007340443888951999
27.55	1.3377360310852515	0.5278481774289618	0.5278481774289613	0.017532383539958948
27.6	1.3926631073964322	0.38308738785227825	0.38308738785227797	0.02336678986358816
27.650000000000002	1.4437100262387224	0.21067816438373144	0.210678164383731	0.023454615338849044
27.700000000000003	1.4907778651558747	0.023732152938049457	0.02373215293804889	0.01781681244807084
27.75	1.5337782621832257	-0.16364511170716248	-0.1636451117071639	0.00786887332062062
27.8	1.5726335573833137	-0.3374173857098964	-0.3374173857098964	-0.003934175956430744
27.85	1.6072769071888346	-0.48466805527787193	-0.48466805527787143	-0.014703377922165332
27.900000000000002	1.6376523714388147	-0.5945591200651976	-0.5945591200651998	-0.02182271404697478
27.950000000000003	1.6637149731068843	-0.6591277056079543	-0.6591277056079554	-0.023584339777305934
28.0	1.68543073074519	-0.6738616567621903	-0.6738616567621892	-0.019597986990652926
28.05	1.7027766637881634	-0.6380127134618566	-0.6380127134618556	-0.010876459141249285
28.1	1.7157407708645533	-0.5546257031296496	-0.5546257031296496	0.000421255155617729
28.150000000000002	1.7243219813731157	-0.4302835883823543	-0.4302835883823543	0.011524201134575404
28.200000000000003	1.7285300806392851	-0.2745894726421493	-0.27458947264214956	0.019728883646216375
28.25	1.728385608990235	-0.09942620022523745	-0.09942620022523745	0.023057360022101576
28.3	1.723919735196212	0.08194945756005277	0.08194945756005277	0.020733856031446295
28.35	1.7151741047815061	0.2559090637582737	0.2559090637582737	0.013365114127183114
28.400000000000002	1.702200663686823	0.40947552778907303	0.40947552778907254	0.002782669549987395
28.450000000000003	1.6850614579828962	0.531290152407079	0.531290152407079	-0.008412104991385465
28.5	1.6638284101765388	0.6124517281123004	0.6124517281123015	-0.01748723832496247
28.55	1.6385830729259117	0.6471657688457232	0.6471657688457237	-0.02224665401414932
28.6	1.6094163608220524	0.6331566254097306	0.6331566254097295	-0.02156136830135626
28.650000000000002	1.5764282611244136	0.5718132895259855	0.5718132895259861	-0.01563695528972762
28.700000000000003	1.5397275242423183	0.4680598354074437	0.4680598354074432	-0.00595399612418054
28.75	1.4994313348954431	0.32996211651713814	0.3299621165171395	0.00510166426711787
28.8	1.4556649648544981	0.16810199260594882	0.1681019926059502	0.014826586979284665
28.85	1.4085614082632945	-0.005232457444567221	-0.00523245744456695	0.020860634682984835
28.900000000000002	1.3582610005485354	-0.17697884615000922	-0.17697884615000897	0.021759574035991228
28.950000000000003	1.3049110219198008	-0.33428390953208403	-0.33428390953208326	0.01734051102918804
29.0	1.2486652865912047	-0.4654644914019116	-0.46546449140191043	0.008717599731082683
29.05	1.1896837187873954	-0.5608743011630998	-0.5608743011631003	-0.001978504064178045
29.1	1.1281319166691794	-0.6136122133397715	-0.6136122133397699	-0.01212688379182207
29.150000000000002	1.0641807052955126	-0.6200201784619604	-0.6200201784619594	-0.019258375326151565
29.200000000000003	0.998005679863521	-0.5799349178536518	-0.5799349178536523	-0.02165613196772801
29.25	0.9297867403024869	-0.49667624835109303	-0.4966762483510925	-0.01876871269600942
29.3	0.8597076185147343	-0.37677471224933995	-0.376774712249341	-0.011336353487139484
29.35	0.7879553993944906	-0.2294606812713779	-0.22946068127137736	-0.001201646334374611
29.400000000000002	0.7147200368820641	-0.06595480482311769	-0.06595480482311822	0.009147063063809946
29.450000000000003	0.6401938662339282	0.10138573001757174	0.10138573001757042	0.017186463936872242
29.5	0.5645711137486323	0.26000023751564194	0.26000023751564105	0.020973375930871653
29.55	0.4880474051693874	0.3980664870285864	0.398066487028585	0.019614254974062918
29.6	0.4108192739287408	0.505380996769469	0.505380996769469	0.01347571500675558
29.650000000000002	0.3330836705040643	0.5741121853002773	0.5741121853002762	0.004086548593793975
29.700000000000003	0.2550374739985637	0.5993708570444617	0.5993708570444617	-0.006242766842375563
29.75	0.17687700719412783	0.5795565448130887	0.5795565448130877	-0.014988434635306514
29.8	0.09879755620703538	0.5164552885601998	0.5164552885601993	-0.02002980519561267
29.85	0.02099289587048827	0.41508319880014144	0.41508319880014194	-0.02016340490882568
29.900000000000002	-0.05634517798903337	0.28328921935808365	0.2832892193580839	-0.015389973177415079
29.950000000000003	-0.13302730832381443	0.13114843868402734	0.13114843868402812	-0.00690610736660607
30.0	-0.20886702759045517	-0.02980723262762492	-0.02980723262762492	0.0031954456048892215
30.05	-0.2836811984060082	-0.18746233923962316	-0.18746233923962163	0.012441848022804975
30.1	-0.35729044310585883	-0.33002904400239363	-0.3300290440023926	0.018585367411404333
30.150000000000002	-0.4295195612288403	-0.4469277104962402	-0.44692771049624047	0.02014963526653619
30.200000000000003	-0.5001979340159526	-0.5295711828779259	-0.5295711828779244	0.016784252495441066
30.25	-0.5691599149641731	-0.5719946850514752	-0.5719946850514731	0.009342618409280842
30.3	-0.63624520564137	-0.5712852017090966	-0.5712852017090966	-0.00033412510228182147
30.35	-0.7012992158646811	-0.5277795185415167	-0.5277795185415167	-0.009872414973275075
30.400000000000002	-0.7641734075267285	-0.4450176195450039	-0.44501761954500335	-0.01694829601049682
30.450000000000003	-0.8247256213132945	-0.3294565401528382	-0.32945654015283854	-0.019853474995022127
30.5	-0.882820385586858	-0.18996767306141257	-0.18996767306141257	-0.01790756131769627
30.55	-0.9383292068758387	-0.03715658297517903	-0.037156582975180305	-0.01161705548825414
30.6	-0.9911308412987002	0.11744258271074037	0.1174425827107386	-0.0025440222978566586
30.650000000000002	-1.0411115464297547	0.26223695339585573	0.26223695339585545	0.007081621164566525
30.700000000000003	-1.0881653131047606	0.38644351907804037	0.3864435190780402	0.014910017684115285
30.75	-1.1321940767213479	0.4808914155218225	0.48089141552182124	0.0190448929164602
30.8	-1.173107907651832	0.5386982742879889	0.5386982742879874	0.01850274695773905
30.85	-1.2108251804496266	0.5557708163591906	0.5557708163591906	0.013446556940522481
30.900000000000002	-1.2452727215469812	0.5310933487742084	0.5310933487742079	0.005138516967572714
30.950000000000003	-1.2763859352558615	0.4667839371186855	0.466783937118685	-0.0043748217457360294
31.0	-1.3041089078495012	0.3679155499094171	0.3679155499094171	-0.012766518922837972
31.05	-1.32839448966336	0.24211708326321138	0.24211708326321113	-0.01799825593171654
31.1	-1.3492043551307877	0.09898555702764601	0.09898555702764601	-0.018815282622068292
31.150000000000002	-1.3665090407323313	-0.0506452914501691	-0.05064529145016873	-0.015047151801325981
31.200000000000003	-1.3802879609324212	-0.1955243297287133	-0.19552432972871256	-0.007642208445417055
31.25	-1.3905294021962944	-0.324828358189714	-0.324828358189713	0.0015708415307301388
31.3	-1.3972304952227592	-0.4289699825771848	-0.4289699825771853	0.010334397934818523
31.35	-1.400397165628125	-0.5003077803754828	-0.5003077803754811	0.016515049559969713
31.400000000000002	-1.4000440633017794	-0.5337062099922468	-0.5337062099922444	0.018622809401943066
31.450000000000003	-1.3961944707853895	-0.5269042961371314	-0.52690429613713	0.01617016209195217
31.5	-1.3888801909857906	-0.48066670206789996	-0.48066670206789847	0.009784441472791538
31.55	-1.3781414146608078	-0.3987072593868261	-0.3987072593868251	0.0010477348667918237
31.6	-1.3640265681104258	-0.2873921248437097	-0.2873921248437087	-0.00789491191969217
31.650000000000002	-1.3465921415773416	-0.15524618725747424	-0.15524618725747405	-0.014862002525168498
31.700000000000003	-1.3259024988935189	-0.01230092874296369	-0.012300928742963567	-0.0181676110490128
31.75	-1.3020296689628443	0.13066642663245123	0.1306664266324511	-0.01702919901175002
31.8	-1.2750531196946928	0.26294481863129715	0.26294481863129665	-0.011752613830401782
31.85	-1.2450595150639971	0.37469119359306446	0.37469119359306396	-0.003650594548042331
31.900000000000002	-1.2121424559782024	0.4576623044524924	0.4576623044524917	0.005283653903976833
31.950000000000003	-1.1764022057010382	0.50582210918241	0.50582210918241	0.01286669122592226
32.0	-1.1379454006064904	0.515780063861558	0.5157800638615572	0.01725833719761484
32.050000000000004	-1.0968847470434737	0.4870285478240802	0.4870285478240795	0.017408109805620263
32.1	-1.0533387051510146	0.42196289655040214	0.42196289655040065	0.013306329147325578
32.15	-1.0074311604892152	0.32568389811081133	0.32568389811080944	0.005979908778166713
32.2	-0.9592910843327266	0.2055988978115398	0.2055988978115393	-0.0027645299852316605
32.25	-0.9090521835753177	0.07085263447187905	0.0708526344718788	-0.01078600820707
32.300000000000004	-0.8568525411164899	-0.06836851263354106	-0.06836851263354154	-0.01613325350549883
32.35	-0.8028342477215232	-0.20160597953160145	-0.20160597953160095	-0.017519228589931435
32.4	-0.7471430262696145	-0.318914098285158	-0.318914098285158	-0.01463075345933059
32.45	-0.6899278493610502	-0.4116019141471299	-0.4116019141471294	-0.008198771915371132
32.5	-0.6313405512981759	-0.4728764536270475	-0.47287645362704656	0.0001863728070054621
32.550000000000004	-0.5715354353678473	-0.49833987794462276	-0.49833987794462087	0.008468030178617086
32.6	-0.5106688774800578	-0.48630418998142555	-0.4863041899814241	0.014627573466336894
32.65	-0.4488989271016039	-0.43790104756968407	-0.43790104756968407	0.017176326959710993
32.7	-0.3863849064994443	-0.35697971606983475	-0.356979716069834	0.015515237657344248
32.75	-0.3232870093156569	-0.24980210004167044	-0.2498021000416695	0.010075424494786442
32.800000000000004	-0.2597658994054049	-0.12455893397458917	-0.12455893397458845	0.0022066950656468073
32.85	-0.19598231097425353	0.009255543231333895	0.009255543231334373	-0.0061572340233288425
32.9	-0.13209665094689674	0.14156273602395342	0.14156273602395295	-0.012973816383607352
32.95	-0.06826860456195533	0.2624582330343011	0.2624582330343011	-0.016590364897980013
33.0	-0.004656745110674313	0.36295269294607896	0.36295269294607935	-0.016144622297216298
33.050000000000004	0.05858185122766566	0.43563969579813205	0.43563969579813167	-0.011770153425465718
33.1	0.1212919845334256	0.4752409849603238	0.4752409849603233	-0.004557678735707852
33.15	0.18332070342496212	0.47898900662469235	0.47898900662469235	0.0037167302831276386
33.2	0.24451766953567713	0.44681907991771114	0.4468190799177107	0.011028899797691769
33.25	0.30473551337634397	0.38135795356830854	0.38135795356830804	0.015601629264252875
33.300000000000004	0.3638301807888296	0.28771083261586083	0.2877108326158606	0.0163365338068351
33.35	0.42166126911565166	0.17306403792413594	0.17306403792413486	0.013077746382202632
33.4	0.47809235241016645	0.046134164808136084	0.04613416480813538	0.006644204477682233
33.45	0.5329912949041844	-0.08349408282841504	-0.08349408282841529	-0.001375947893688602
33.5	0.5862305520210873	-0.2060911222435963	-0.206091122243597	-0.009017272946584479
33.550000000000004	0.637687458337087	-0.3125122525325124	-0.31251225253251197	-0.014418581625003838
33.6	0.6872445017823539	-0.39487924983600964	-0.3948792498360082	-0.01627615096099978
33.65	0.7347895835286069	-0.4471630339158774	-0.4471630339158769	-0.014158278587067186
33.7	0.7802162630154625	-0.465624353902998	-0.465624353902998	-0.008605310052951723
33.75	0.8234239875840363	-0.44908032993771196	-0.44908032993771146	-0.0009920375525067997
33.800000000000004	0.8643183062645244	-0.39897792010691047	-0.39897792010691047	0.006812552376339141
33.85	0.9028110672400284	-0.31926995386467927	-0.31926995386467927	0.012904001814594545
33.9	0.9388205986750046	-0.2161041850249793	-0.21610418502497894	0.015807011577978588
33.95	0.9722718724824149	-0.09734975898613896	-0.09734975898613855	0.01483264679082344
34.0	1.0030966507675498	0.028002478645579188	0.02800247864557965	0.010241655966318628
34.050000000000004	1.0312336147049588	0.15052017110237642	0.15052017110237642	0.003175233216912344
34.1	1.0566284755698605	0.26103871612463414	0.2610387161246337	-0.00462851058027605
34.15	1.0792340678626526	0.3513463116166598	0.35134631161666025	-0.011261957391835359
34.2	1.0990104242615362	0.4147936112133735	0.4147936112133735	-0.015114195313807439
34.25	1.1159248324576625	0.44678276571092235	0.4467827657109219	-0.015262118330356424
34.300000000000004	1.1299518737580863	0.4450999242220013	0.4450999242220008	-0.011691484731652052
34.35	1.1410734434942975	0.410067202902934	0.410067202902934	-0.005295030880344092
34.4	1.1492787532692292	0.3445037901780092	0.34450379017800825	0.0023505863009235907
34.45	1.1545643151875515	0.25350021255936256	0.25350021255936295	0.009373322214230912
34.5	1.1569339081630325	0.14402375547848	0.14402375547848	0.014064032391269337
34.550000000000004	1.1563985265104106	0.02438557514225957	0.02438557514225957	0.015292346219339479
34.6	1.1529763110508913	-0.0963897805294031	-0.09638978052940345	0.012778957628483675
34.65	1.1466924629947153	-0.20924465011344767	-0.2092446501134472	0.007158769519447576
34.7	1.1375791409204246	-0.30576709059093776	-0.3057670905909369	-0.00017928583377525522
34.75	1.1256753411802571	-0.3788174215698619	-0.3788174215698614	-0.007435385158235223
34.800000000000004	1.1110267621522802	-0.4230558497441578	-0.4230558497441578	-0.012840164034298942
34.85	1.0936856527180039	-0.43533221892455465	-0.4353322189245542	-0.015086073253831359
34.9	1.0737106454826555	-0.41490948164797403	-0.4149094816479749	-0.01364360218507781
34.95	1.0511665751875705	-0.3635051057194388	-0.3635051057194388	-0.008885916437073973
35.0	1.026124282881781	-0.28514835637196767	-0.28514835637196767	-0.001992622215896365
35.050000000000004	0.9986604063809177	-0.18586519771814988	-0.18586519771815008	0.005342596116928688
35.1	0.9688571576267568	-0.07321540174017686	-0.07321540174017664	0.011328031038449676
35.15	0.9368020875667825	0.04428261718262793	0.04428261718262771	0.014511517149768586
35.2	0.9025878392061596	0.15779551684519774	0.15779551684519705	0.014132666599464404
35.25	0.8663118894809049	0.25883867967217095	0.25883867967217045	0.010304358833538588
35.300000000000004	0.8280762806744865	0.3399099745061794	0.33990997450617916	0.003980200813002909
35.35	0.7879873421154056	0.39504632069253337	0.39504632069253337	-0.003282879915764023
35.4	0.7461554028137557	0.42026179776636763	0.42026179776636674	-0.009707835216928265
35.45	0.7026944959061917	0.4138351501379159	0.4138351501379159	-0.013732195981842209
35.5	0.6577220555897794	0.37642599879450844	0.37642599879450933	-0.014387955728010656
35.550000000000004	0.6113586073750209	0.3110120194624917	0.3110120194624908	-0.011534297401427281
35.6	0.5637274524544497	0.22265280090288145	0.22265280090288167	-0.005887238368682213
35.65	0.5149543469793267	0.11809904760902262	0.11809904760902373	0.0011598833909373266
35.7	0.4651671770750115	0.0052772710888232405	0.0052772710888228025	0.007880111544756454
35.75	0.41449563043038024	-0.10731072833942937	-0.1073107283394287	0.012636001416697486
35.800000000000004	0.3630708652391164	-0.21122812454993936	-0.21122812454993936	0.014278524376389125
35.85	0.3110251773881273	-0.29873488572720486	-0.2987348857272033	0.012424587216286394
35.9	0.2584916666627163	-0.3633638653911198	-0.363363865391119	0.00754616140255706
35.95	0.20560390283555532	-0.4003983163222105	-0.40039831632220957	0.0008503434421787122
36.0	0.1524955924297844	-0.407215602207607	-0.4072156022076074	-0.006019223061672555
36.050000000000004	0.09930024701892572	-0.38347210065670817	-0.3834721006567078	-0.01138573289274656
36.1	0.04615085380071755	-0.3311163263113004	-0.33111632631129995	-0.01394843221201492
36.15	-0.006820450698144974	-0.25423024266118405	-0.25423024266118427	-0.013097811937000112
36.2	-0.059482703010711103	-0.1587116017312193	-0.1587116017312193	-0.009060425442370752
36.25	-0.11170643047151671	-0.051821988474072225	-0.05182198847407288	-0.0028389578303636806
36.300000000000004	-0.16336396351444407	0.05836482939281536	0.05836482939281428	0.004036693086430573
36.35	-0.21432974182434036	0.1635723679203436	0.16357236792034274	0.009885554314890176
36.4	-0.2644806135903451	0.25594273112403243	0.25594273112403115	0.013286476606465038
36.45	-0.3136961271897918	0.32862314016444905	0.32862314016444866	0.013423372225677967
36.5	-0.3618588146039715	0.37627393584253394	0.376273935842533	0.010280942076525938
36.550000000000004	-0.4088544659300067	0.39546042526216524	0.3954604252621644	0.0046439762155555285
36.6	-0.45457239434998237	0.3848998511061331	0.3848998511061327	-0.00209851550338888
36.65	-0.4989056909687654	0.34554577223130256	0.34554577223130173	-0.008295485832508056
36.7	-0.54175146893313	0.28050442106685775	0.28050442106685797	-0.012438068434851679
36.75	-0.5830110963026595	0.19479022016782102	0.19479022016782124	-0.013526886732408573
36.800000000000004	-0.6225904171470291	0.09493965038597628	0.09493965038597639	-0.011313055556443139
36.85	-0.66039996041651	-0.011486829774411495	-0.011486829774411282	-0.006354779211459759
36.9	-0.696355136090442	-0.11647688875994695	-0.11647688875994609	0.00012324947006189866
36.95	-0.730376418232981	-0.21216918588552616	-0.2121691858855256	0.006532270611329971
37.0	-0.7623895145619294	-0.2914416599423819	-0.29144165994238064	0.011309040371772975
37.050000000000004	-0.7923255221702512	-0.3484412450396452	-0.3484412450396436	0.013297062417186617
37.1	-0.8201210691163954	-0.379015641952475	-0.3790156419524744	0.012026512841317356
37.15	-0.8457184415843331	-0.3810153233092955	-0.3810153233092955	0.007825122854440522
37.2	-0.8690656964015113	-0.3544438440485224	-0.35444384404852197	0.001733888648834427
37.25	-0.8901167587075847	-0.301446011075581	-0.30144601107557994	-0.00475076882575654
37.300000000000004	-0.9088315045899359	-0.22613566932930548	-0.22613566932930446	-0.01004455191861862
37.35	-0.9251758286095979	-0.13427686758698895	-0.13427686758698873	-0.01286228279659966
37.4	-0.9391216960823934	-0.03284307805304525	-0.03284307805304525	-0.012529832966680565
37.45	-0.9506471801018069	0.07051185229856628	0.07051185229856617	-0.009145293538840147
37.5	-0.959736483275918	0.16803090775618307	0.16803090775618273	-0.003550880512256399
37.550000000000004	-0.9663799442094705	0.25243576264221984	0.2524357626422192	0.002876551511236016
37.6	-0.9705740288052267	0.3174696715580912	0.3174696715580912	0.00856430453207102
37.65	-0.9723213064626566	0.3583609216073293	0.35836092160732846	0.012128592994159254
37.7	-0.9716304113483324	0.3721725437911214	0.3721725437911212	0.012711146559135895
37.75	-0.9685159888632028	0.3580126844319037	0.35801268443190426	0.010185798020150577
37.800000000000004	-0.9629986275784126	0.3170906126811975	0.3170906126811967	0.005185351080590981
37.85	-0.9551047768174935	0.2526149848306082	0.25261498483060774	-0.0010568666475386616
37.9	-0.9448666502090416	0.16954282233511592	0.16954282233511572	-0.007011120138084265
37.95	-0.9323221155162889	0.07419880054077825	0.07419880054077785	-0.011226080646547471
38.0	-0.9175145710603326	-0.026205941722662884	-0.02620594172266309	-0.012682515715163304
38.050000000000004	-0.9004928091350913	-0.12411888732523839	-0.12411888732523828	-0.011039676124750548
38.1	-0.8813108668153418	-0.21221394180712091	-0.21221394180712028	-0.0067148366366184134
38.15	-0.8600278645818458	-0.28393928564717624	-0.2839392856471758	-0.0007774686529950963
38.2	-0.8367078332359307	-0.3340043319121793	-0.3340043319121793	0.0053151542661262026
38.25	-0.8114195295815494	-0.35876962046663063	-0.35876962046662986	0.010075572726603525
38.300000000000004	-0.784236241380773	-0.3565109416631724	-0.3565109416631712	0.012349235429359649
38.35	-0.7552355821528771	-0.32753855580424734	-0.3275385558042469	0.011594452874816225
38.400000000000006	-0.724499276331957	-0.27416333147888783	-0.2741633314788876	0.008011344117138152
38.45	-0.6921129353813623	-0.20051313812163432	-0.2005131381216337	0.0024891092796745728
38.5	-0.6581658254714947	-0.11221403051468753	-0.11221403051468712	-0.003614553287365697
38.550000000000004	-0.6227506273270356	-0.0159608178787153	-0.015960817878714693	-0.00880718511490225
38.6	-0.5859631888767738	0.08099022960353833	0.08099022960353833	-0.011826439428083955
38.650000000000006	-0.5479022713477188	0.17136811997859636	0.17136811997859597	-0.011946898115488202
38.7	-0.5086692894837809	0.2484321511221511	0.24843215112215034	-0.00915427574955918
38.75	-0.4683680465137558	0.3064743639804881	0.3064743639804881	-0.004145197712013056
38.800000000000004	-0.42710446462837826	0.34124200652337133	0.34124200652337044	0.0018464847828275697
38.85	-0.3849863115509437	0.35024876412549527	0.3502487641254948	0.007353561571915228
38.900000000000006	-0.34212292398725064	0.33295200769743505	0.3329520076974346	0.011034692766880993
38.95	-0.2986249285947846	0.2907834671007648	0.29078346710076397	0.01200106112777304
39.0	-0.25460396120413087	0.22703178480095085	0.22703178480095063	0.010030912806843973
39.050000000000004	-0.2101723849610888	0.146586511126755	0.146586511126754	0.0056202182160761385
39.1	-0.16544300813613874	0.05556343556205744	0.05556343556205684	-0.00014206132606155503
39.150000000000006	-0.12052880224874474	-0.03916006195881167	-0.03916006195881187	-0.005842760119728791
39.2	-0.0755426212332906	-0.1304643603301846	-0.13046436033018483	-0.0100910194286189
39.25	-0.03059692232151639	-0.21152244924639943	-0.21152244924639943	-0.011857571901004215
39.300000000000004	0.014196510671672963	-0.27631012440096425	-0.27631012440096425	-0.010724047750103785
39.35	0.05872684101131259	-0.3200534187055254	-0.3200534187055246	-0.0069819313783683855
39.400000000000006	0.10288444895082374	-0.33958005930831275	-0.339580059308312	-0.0015577930727013489
39.45	0.14656119730771028	-0.33354910056074893	-0.33354910056074893	0.004216069967671043
39.5	0.18965069197445883	-0.30254214288169373	-0.30254214288169357	0.008928825467970554
39.550000000000004	0.2320485368666079	-0.249010003319551	-0.2490100033195506	0.011435791028535666
39.6	0.2736525826022137	-0.1770795661004904	-0.17707956610049022	0.011136413908949781
39.650000000000006	0.31436316839764006	-0.09223599469543046	-0.09223599469543006	0.00811805341932484
39.7	0.3540833565839413	-0.0009047498453641813	-0.0009047498453635909	0.003131163230573215
39.75	0.39271915921721173	0.0900347574244309	0.09003475742443168	-0.002597213420379002
39.800000000000004	0.4301797562628015	0.17376708628454773	0.17376708628454735	-0.007665303483325434
39.85	0.4663777048429184	0.2440512877801164	0.244051287780116	-0.010839573150467937
39.900000000000006	0.501229139086117	0.2956858057339233	0.2956858057339233	-0.011354905130007222
39.95	0.534653960165167	0.3248931453814048	0.324893145381404	-0.00909894951486051
40.0	0.5665760160179848	0.3295958840294038	0.3295958840294038	-0.004636246601376209
