0.05	-3569.115546065495	1680.2431021269176	1680.2431021269176	-3521.5871059789315
0.1	-3596.4761051593173	1674.5469419763642	1674.5469419763642	-3402.5545612357296
0.15000000000000002	-3640.6048629347174	1656.2568345549682	1656.2568345549682	-3190.516002827587
0.2	-3697.4512906110267	1609.9613644829321	1609.9613644829326	-2865.898131256661
0.25	-3757.0929996077175	1510.4971220507025	1510.4971220507034	-2406.3364364903878
0.30000000000000004	-3799.041717730722	1323.267638541921	1323.2676385419225	-1800.4853751948747
0.35000000000000003	-3789.13223245223	1014.7252027801604	1014.7252027801637	-1076.9027178159267
0.4	-3687.1083050740085	581.0264702300501	581.0264702300515	-337.67849703362174
0.45	-3472.847139143279	81.34219337724525	81.34219337724839	251.6406824276548
0.5	-3172.614101597258	-373.0291914835972	-373.0291914835937	557.2296766236609
0.55	-2846.623382977542	-688.4987809318637	-688.4987809318603	576.1488356665675
0.6000000000000001	-2546.6279048803135	-841.1744234094194	-841.1744234094165	416.2114330966176
0.65	-2293.14448671906	-861.1533182066481	-861.1533182066468	200.66316762306673
0.7000000000000001	-2082.8353077818756	-792.4558906929469	-792.4558906929461	10.636423296172827
0.75	-1903.2955098455802	-670.7872243182884	-670.787224318288	-117.88720424932636
0.8	-1742.0838795109782	-519.998187445897	-519.9981874458966	-178.1315520054981
0.8500000000000001	-1590.0935067146381	-355.7853122781608	-355.7853122781606	-178.96480572038544
0.9	-1442.2228685887135	-189.93988437042697	-189.93988437042717	-137.13166558303934
0.9500000000000001	-1297.0532875134702	-33.02274201059284	-33.02274201059285	-72.80360434120335
1.0	-1156.037977622507	104.85581287942082	104.85581287942004	-6.019661874673274
1.05	-1022.2782253604821	214.8092519519657	214.8092519519653	46.87001972604622
1.1	-899.0673878424468	290.6907641579392	290.69076415793785	76.17096636490683
1.1500000000000001	-788.6245408552633	330.3046662518431	330.30466625184215	80.04303659909654
1.2000000000000002	-691.4491388818042	335.56743825976736	335.56743825976633	63.3671548102335
1.25	-606.424221845081	311.5918321089892	311.5918321089887	34.91306936644551
1.3	-531.4323821216899	265.25579925985573	265.25579925985505	4.14403317809021
1.35	-464.10179895473203	203.89907814348007	203.89907814347922	-21.22677528103454
1.4000000000000001	-402.3936154899918	134.48658511545386	134.48658511545338	-36.50902157964871
1.4500000000000002	-344.9192587287194	63.232930347995634	63.232930347995634	-40.274801761880454
1.5	-291.0045889216892	-4.498801948740664	-4.498801948740821	-33.900835528890354
1.55	-240.5696962590646	-64.22350609497227	-64.22350609497211	-20.711787299882047
1.6	-193.90102162210206	-112.40638091440069	-112.40638091440036	-4.938404624902721
1.6500000000000001	-151.38872985341627	-146.60092242380944	-146.60092242380915	9.332649271276903
1.7000000000000002	-113.29675134335938	-165.59389095666924	-165.5938909566691	19.036520878165383
1.75	-79.6192392732925	-169.46860814975992	-169.4686081497598	22.667186967181678
1.8	-50.049223715529045	-159.52262401017833	-159.5226240101779	20.37776657148628
1.85	-24.04851166125884	-138.03536609007256	-138.03536609007244	13.669918250049706
1.9000000000000001	-0.977603619968593	-107.93882336279233	-107.93882336279218	4.813441011237669
1.9500000000000002	19.766485592095503	-72.46899883817615	-72.46899883817589	-3.809110235153726
2.0	38.646913953416586	-34.86219327155383	-34.86219327155345	-10.259424396555819
2.0500000000000003	55.93959514494478	1.8746011029107112	1.8746011029107112	-13.3966336593723
2.1	71.7419900067603	35.1227283579913	35.12272835799117	-12.995269604131737
2.15	86.023903253539	62.76052748210484	62.76052748210484	-9.651508558134825
2.2	98.69925332226414	83.24087439558957	83.24087439558983	-4.5333155070595375
2.25	109.69708635609145	95.64518819947888	95.64518819947877	0.9539071431895972
2.3000000000000003	119.01388755396017	99.70855077906833	99.70855077906832	5.509013226985422
2.35	126.73637352851755	95.80399843755889	95.80399843755889	8.212022172265248
2.4000000000000004	133.0330602016879	84.87694766576149	84.87694766576155	8.682413037203728
2.45	138.12175230579658	68.33105973329872	68.33105973329857	7.095765129594635
2.5	142.22604081775714	47.87888310958783	47.87888310958786	4.071672044320558
2.5500000000000003	145.53515071980954	25.37827953893421	25.378279538934187	0.47575281267537506
2.6	148.1781612411128	2.675904052133019	2.67590405213297	-2.806620502665879
2.6500000000000004	150.21756930128447	-18.526967671075663	-18.52696767107581	-5.06980146484822
2.7	151.66085597151604	-36.77929428931297	-36.77929428931297	-5.920917339345156
2.75	152.48406702202365	-50.95553340770052	-50.95553340770033	-5.327852060590608
2.8000000000000003	152.65927799398435	-60.30405037243928	-60.30405037243938	-3.583835892920684
2.85	152.1781100614424	-64.47101125895351	-64.47101125895351	-1.2064322737221616
2.9000000000000004	151.06562473625897	-63.500157523769495	-63.500157523769495	1.2006926339036472
2.95	149.38218469635584	-57.80753442138129	-57.8075344213812	3.0902938863917413
3.0	147.21436736302934	-48.130926579524	-48.130926579523965	4.087338633723144
3.0500000000000003	144.6588790307086	-35.45649996302012	-35.45649996302012	4.055180122235273
3.1	141.8049099797621	-20.928807426194922	-20.928807426194922	3.102066370233023
3.1500000000000004	138.7201582205652	-5.753224809377294	-5.753224809377303	1.532359436352447
3.2	135.44404447665656	8.899213600257863	8.899213600257843	-0.2409375328665407
3.25	131.98912981508536	21.975965034663663	21.975965034663663	-1.7987537613721805
3.3000000000000003	128.34929664271186	32.61034562117481	32.61034562117473	-2.8094106733929993
3.35	124.51157186936165	40.169451303998656	40.1694513039987	-3.0936502143185978
3.4000000000000004	120.46790029531357	44.28229849799198	44.28229849799198	-2.6502349173158692
3.45	116.22367849071932	44.84901551654899	44.84901551654891	-1.640534070629833
3.5	111.8011304262731	42.032190453714215	42.032190453714264	-0.33908800086693647
3.5500000000000003	107.23721793138525	36.23151063355642	36.23151063355642	0.9364705307086568
3.6	102.57729092107137	28.04321891386569	28.04321891386579	1.8994570629373368
3.6500000000000004	97.86672087100888	18.206910818038452	18.206910818038452	2.3557144633173097
3.7	93.14309066424391	7.543591622138814	7.543591622138831	2.240034440997613
3.75	88.43109615052711	-3.1098278142398494	-3.1098278142398152	1.6210991850231597
3.8000000000000003	83.74132563435536	-12.963848708140029	-12.963848708140029	0.6761130072723646
3.85	79.07286049333469	-21.332175405858372	-21.332175405858337	-0.356948631185642
3.9000000000000004	74.41856549692751	-27.675908134050506	-27.675908134050506	-1.2371222652190248
3.95	69.77130744363174	-31.63376366330981	-31.63376366330987	-1.7746860538600535
4.0	65.12927988945998	-33.03756709536558	-33.03756709536555	-1.8701448182677498
4.05	60.49906163117754	-31.913445345318962	-31.91344534531887	-1.5305187505976845
4.1000000000000005	55.89580744632208	-28.46984427723687	-28.4698442772369	-0.8609156680849458
4.15	51.340816842130174	-23.07386403895157	-23.07386403895157	-0.03479656662049882
4.2	46.85742040633272	-16.21773065281317	-16.21773065281321	0.749271506462429
4.25	42.46649786440461	-8.477686870315997	-8.477686870316042	1.3140421310930033
4.3	38.18292501161698	-0.4681958517530074	-0.4681958517530221	1.5426384011019187
4.3500000000000005	34.01387208220509	7.205072052040748	7.20507205204069	1.4017854338050322
4.4	29.959273310050015	13.989716173828205	13.989716173828148	0.9447565018166018
4.45	26.01414451589666	19.424998957377312	19.424998957377227	0.29442031729228746
4.5	22.17193127679604	23.171326864737345	23.171326864737313	-0.388672446098102
4.55	18.42785474965048	25.029055755731502	25.02905575573145	-0.945067585170688
4.6000000000000005	14.781320422754167	24.94600351769472	24.94600351769469	-1.2528556818830299
4.65	11.236806043793798	23.014032241299546	23.014032241299546	-1.2536549815125415
4.7	7.80312316083718	19.455751911170733	19.455751911170708	-0.9628000937131704
4.75	4.491407374245084	14.602821426981786	14.60282142698184	-0.4622166064663371
4.800000000000001	1.3125131142288669	8.867600562899387	8.867600562899362	0.12159863309341941
4.8500000000000005	-1.725403186707077	2.710162158396286	2.710162158396286	0.6488323739066444
4.9	-4.618443631113776	-3.397044139324918	-3.3970441393248922	0.9993106363610327
4.95	-7.3672973801554775	-9.004332202298468	-9.00433220229843	1.0994967598569945
5.0	-9.976337421989106	-13.717080639453464	-13.717080639453439	0.9375139084443973
5.050000000000001	-12.451834468806577	-17.222727924859086	-17.222727924859036	0.5631800285239577
5.1000000000000005	-14.799860331890661	-19.310488441979544	-19.31048844197952	0.07367028393763281
5.15	-17.0244959483838	-19.882561171695038	-19.882561171695038	-0.41123085942518983
5.2	-19.126823233248462	-18.956447344697654	-18.95644734469764	-0.7780631830733321
5.25	-21.10491941751432	-16.65877042055174	-16.65877042055174	-0.9458959344213657
5.300000000000001	-22.95477271325542	-13.21158706796034	-13.21158706796036	-0.8838429726477807
5.3500000000000005	-24.671786530785596	-8.912565983006557	-8.912565983006568	-0.616197853783188
5.4	-26.25240109210074	-4.110642584074218	-4.11064258407424	-0.21450171876778956
5.45	-27.695364211550633	0.8210910446452513	0.8210910446452397	0.221109902185383
5.5	-29.002315393689926	5.513380481499801	5.513380481499761	0.5865416656434974
5.550000000000001	-30.177563983027795	9.627724680185503	9.627724680185493	0.7983785461849482
5.6000000000000005	-31.227177755175962	12.880265718768559	12.880265718768502	0.8127407144838642
5.65	-32.157685921801246	15.060889787308271	15.060889787308248	0.6341086457501818
5.7	-32.974789531176924	16.046165348721082	16.046165348721072	0.3123925008884901
5.75	-33.6824430840278	15.805307106814892	15.80530710681485	-0.07062282089010924
5.800000000000001	-34.282539967798414	14.399000541607851	14.399000541607819	-0.4218409003259404
5.8500000000000005	-34.775246107526556	11.97153661966409	11.97153661966408	-0.6592906926020621
5.9	-35.15983930181289	8.737197493694017	8.737197493694007	-0.7310710070806807
5.95	-35.43577899202843	4.96216315582322	4.96216315582322	-0.6264785236191701
6.0	-35.60368559933295	0.943393335018159	0.943393335018159	-0.3769993187869261
6.050000000000001	-35.66595596899227	-3.0139742460610073	-3.013974246060984	-0.047302527004481225
6.1000000000000005	-35.62686203788113	-6.619137364031063	-6.619137364031032	0.2812893823285634
6.15	-35.492135459676106	-9.616498250626941	-9.6164982506269	0.5306930012570329
6.2	-35.26818630064627	-11.803418586385959	-11.803418586385947	0.6444937327157076
6.25	-34.96119889163712	-13.043588518980725	-13.043588518980725	0.6005817944106288
6.300000000000001	-34.576368236303466	-13.275068855413124	-13.275068855413046	0.41517984101211985
6.3500000000000005	-34.11748418292708	-12.512514469928135	-12.512514469928155	0.13759932386567966
6.4	-33.586958342448405	-10.843595833715716	-10.843595833715682	-0.1626931835898502
6.45	-32.98625627472825	-8.420124428312183	-8.420124428312175	-0.41333613254517404
6.5	-32.316584261695844	-5.444785021504442	-5.444785021504437	-0.5563922008902136
6.550000000000001	-31.579617152990675	-2.1546450415821994	-2.154645041582197	-0.5616111577960573
6.6000000000000005	-30.778055618779014	1.1972495858228327	1.197249585822828	-0.4326404645080063
6.65	-29.915862647009995	4.3608426739928285	4.360842673992815	-0.20496516824594696
6.7	-28.998129088868822	7.1072766333318445	7.107276633331817	0.06364669045198623
6.75	-28.03062621467272	9.245094103257435	9.245094103257397	0.3076728669888757
6.800000000000001	-27.01918891824037	10.63331587552871	10.633315875528691	0.4697216787399038
6.8500000000000005	-25.96911351545625	11.190484814024748	11.190484814024748	0.5139436559190793
6.9	-24.884739844596144	10.899059202204329	10.8990592022043	0.433849011458168
6.95	-23.769325303039523	9.804909536549225	9.804909536549216	0.2528478799478736
7.0	-22.62522879173753	8.012081316407878	8.012081316407848	0.017631460571250295
7.050000000000001	-21.45433265722004	5.673376075145935	5.6733760751458915	-0.21377449648842833
7.1000000000000005	-20.258566633654542	2.977619088854869	2.977619088854843	-0.38624268747538115
7.15	-19.040376439390396	0.13469114562483012	0.13469114562481704	-0.4605894399641633
7.2	-17.803004548579764	-2.640501352112907	-2.640501352112907	-0.4223702168095254
7.25	-16.55051176963078	-5.143940621528696	-5.1439406215287	-0.2844844357555122
7.300000000000001	-15.287546115190896	-7.197183382179358	-7.197183382179365	-0.0831834736898683
7.3500000000000005	-14.018937146796528	-8.659819263928435	-8.65981926392842	0.13134912259173037
7.4	-12.749239691424519	-9.438860808702493	-9.438860808702469	0.30742785365185304
7.45	-11.482358977938702	-9.494433140225228	-9.494433140225203	0.4042487482074909
7.5	-10.22135929208167	-8.841396011455263	-8.841396011455256	0.4012734816706923
7.550000000000001	-8.968500487818707	-7.546842465479833	-7.546842465479825	0.30246876739643
7.6000000000000005	-7.725478998229248	-5.723749344616561	-5.7237493446165555	0.13455487065945418
7.65	-6.493792399165107	-3.5213644858554836	-3.521364485855471	-0.060120011528036754
7.7	-5.2751152815248386	-1.1131623080022028	-1.1131623080021946	-0.23419717710289895
7.75	-4.071576864725266	1.3166443320133294	1.3166443320133336	-0.3467659458628344
7.800000000000001	-2.8858647956462202	3.5869896484100523	3.5869896484100523	-0.3729063420250049
7.8500000000000005	-1.7211333983595283	5.5332186999133315	5.533218699913324	-0.3091117452875229
7.9	-0.5807518017273855	7.018802134826871	7.018802134826862	-0.17344021917021712
7.95	0.5320285362998549	7.9447118515261135	7.944711851526104	-0.0005295114484891526
8.0	1.6143881709460277	8.255840033248548	8.255840033248548	0.16717771001434872
8.05	2.664147026760048	7.944049904408032	7.944049904408024	0.28979489756508586
8.1	3.6798107565050313	7.047685146413256	7.04768514641324	0.33942428698544297
8.15	4.660450846634746	5.647628233297596	5.6476282332975805	0.3064415355314406
8.200000000000001	5.605461272687614	3.8602660697161393	3.8602660697161393	0.20122951093680935
8.25	6.514268015917413	1.8279646283100148	1.8279646283100186	0.05108796429904876
8.3	7.386077646222137	-0.2921581685875739	-0.292158168587589	-0.10679328252806734
8.35	8.219735695340487	-2.340262536692406	-2.3402625366924217	-0.23449924763748542
8.4	9.013730423927631	-4.165696469864825	-4.16569646986484	-0.30244418042871724
8.450000000000001	9.766333963616464	-5.637913348489261	-5.637913348489253	-0.29616709722541257
8.5	10.475833658791982	-6.6556364847107	-6.6556364847107	-0.21932540478145868
8.55	11.140782705231933	-7.153660230467714	-7.153660230467714	-0.09229205617421528
8.6	11.760196875711257	-7.106854773589073	-7.106854773589074	0.053180505484534166
8.65	12.333642876842308	-6.531139279809391	-6.531139279809391	0.18184926333312382
8.700000000000001	12.86119741001547	-5.481401402550797	-5.481401402550804	0.2634758969836816
8.75	13.343294098335107	-4.04656290793905	-4.046562907939046	0.27989110750011187
8.8	13.78050696193002	-2.3422065180480605	-2.342206518048056	0.2289861951317376
8.85	14.173335243757776	-0.5013666594028882	-0.5013666594028953	0.12476689104048787
8.9	14.522051071715579	1.3357762374491429	1.3357762374491429	-0.006432711897750006
8.950000000000001	14.82665048544734	3.032488971330728	3.032488971330725	-0.1325658516542431
9.0	15.08691662898268	4.465561582508996	4.465561582508988	-0.22366387411096014
9.05	15.302571103683023	5.534132351632084	5.534132351632084	-0.25891691816033036
9.1	15.473465106936844	6.166650461553841	6.166650461553848	-0.23138293778836613
9.15	15.599752648143435	6.325521267137281	6.325521267137281	-0.1492728130082277
9.200000000000001	15.681995793831566	6.0091545268979045	6.009154526897911	-0.03359858768427185
9.25	15.721173580567434	5.251320945949565	5.251320945949572	0.08716199520659579
9.3	15.718595139010485	4.117910713120664	4.117910713120668	0.1840415413045571
9.35	15.675745122262605	2.7013724691601135	2.70137246916011	0.23450030689522267
9.4	15.594107869032523	1.113281404539012	1.113281404539012	0.22764004299407495
9.450000000000001	15.475020926152432	-0.5243743241020755	-0.5243743241020746	0.1665142659983831
9.5	15.319597938929316	-2.0885054579877846	-2.0885054579877815	0.06705567653372081
9.55	15.128739157351998	-3.4641130315220354	-3.4641130315220225	-0.0460401577724152
9.600000000000001	14.903221678150896	-4.552668227823194	-4.552668227823181	-0.14541862970577707
9.65	14.643838814780638	-5.2790745614337	-5.279074561433688	-0.20765465624659007
9.700000000000001	14.351545088328134	-5.596734954836016	-5.596734954836016	-0.2187461384800684
9.75	14.027563541714947	-5.4904021644880645	-5.4904021644880645	-0.17723226449388083
9.8	13.673424747429083	-4.9766591336835395	-4.97665913368352	-0.09425145208144699
9.850000000000001	13.290927823941747	-4.102045365764168	-4.102045365764152	0.009404280406178179
9.9	12.882036647194173	-2.939009092743954	-2.939009092743947	0.10847027465759097
9.950000000000001	12.448742608778291	-1.5800166148973942	-1.5800166148974035	0.17934276383801165
10.0	11.992933697706237	-0.1302817113356742	-0.13028171133567734	0.20568222593120078
10.05	11.516306304077105	1.3003211662463086	1.3003211662463054	0.18216051485304452
10.100000000000001	11.020342370345592	2.6055376376646193	2.605537637664616	0.11549604843352898
10.15	10.506354724908569	3.6905782949399533	3.6905782949399444	0.022587303831433314
10.200000000000001	9.975583597744691	4.478944058473465	4.478944058473465	-0.073747254341102
10.25	9.42931320035186	4.9177425396871275	4.917742539687134	-0.150353473518206
10.3	8.868972713538527	4.9811362806990465	4.98113628069904	-0.1892877558859291
10.350000000000001	8.296191978564659	4.671714810172139	4.671714810172133	-0.18200174551014345
10.4	7.712796468752959	4.019739723416675	4.019739723416678	-0.13119490818174084
10.450000000000001	7.120744270878876	3.080364307044185	3.080364307044191	-0.04994026553218452
10.5	6.522024458264396	1.9290691021462676	1.9290691021462645	0.041653830640606286
10.55	5.918546670030804	0.6556767499017618	0.6556767499017618	0.12140045781148316
10.600000000000001	5.3120531611422965	-0.6425922190042611	-0.6425922190042639	0.17039304214973633
10.65	4.704076962204263	-1.8684933849793384	-1.8684933849793326	0.17747563951600176
10.700000000000001	4.0959556063022555	-2.9320037056773605	-2.9320037056773542	0.14176956377781003
10.75	3.488893476332401	-3.7568943249465376	-3.7568943249465345	0.07268648631815663
10.8	2.884052037774155	-4.2861470491169245	-4.286147049116918	-0.01252799515738964
10.850000000000001	2.2826399578229006	-4.4858302048244045	-4.4858302048244045	-0.09308412023125462
10.9	1.6859762359863755	-4.347177963314001	-4.347177963313996	-0.14970693082091283
10.950000000000001	1.0955083312406744	-3.8867603566576223	-3.8867603566576165	-0.16923633939592211
11.0	0.5127809981542267	-3.1447754111729282	-3.1447754111729282	-0.14767379295638805
11.05	-0.060634015028502776	-2.181629223181084	-2.1816292231810896	-0.09097371832971618
11.100000000000001	-0.6232262837609378	-1.0730871399259998	-1.0730871399259998	-0.01343076893018513
11.15	-1.173627440564876	0.09562519631364022	0.09562519631364022	0.06590761482406927
11.200000000000001	-1.7106617907843709	1.2363222175970736	1.2363222175970652	0.12790766844944085
11.25	-2.233353739809811	2.2644714893740296	2.2644714893740225	0.15795480267358478
11.3	-2.7408918750818683	3.10542527586709	3.105425275867084	0.14939124846950635
11.350000000000001	-3.232562063043206	3.699808694316008	3.699808694316008	0.10497807160807082
11.4	-3.70767042559773	4.007672173267729	4.007672173267721	0.036063241501468064
11.450000000000001	-4.165479218608458	4.0111176287622206	4.011117628762214	-0.040304041953285595
11.5	-4.605174040651415	3.7152315573658607	3.71523155736585	-0.10558155847037919
11.55	-5.025871029991741	3.147291415590269	3.147291415590263	-0.14422788342208456
11.600000000000001	-5.426660784479339	2.3543415827959318	2.3543415827959344	-0.1473946880792638
11.65	-5.806675191096546	1.399351705262584	1.399351705262588	-0.11494263935247372
11.700000000000001	-6.1651571716059355	0.35626654386629825	0.3562665438663036	-0.05532448054121873
11.75	-6.501513159503799	-0.6956712700699387	-0.6956712700699361	0.016600474489033554
11.8	-6.815333764948827	-1.6778983408807209	-1.6778983408807067	0.08325957549682575
11.850000000000001	-7.106377737388301	-2.5183630757603956	-2.518363075760393	0.12865279776235244
11.9	-7.374525085276793	-3.1567829694170504	-3.1567829694170344	0.14218781297488528
11.950000000000001	-7.61971391766469	-3.5489414903574286	-3.548941490357411	0.12114562300736542
12.0	-7.84187977492538	-3.669715557479014	-3.669715557479003	0.07120359227915177
12.05	-8.04091483802383	-3.5146258524946936	-3.514625852494683	0.004921698272070621
12.100000000000001	-8.21665802758564	-3.099819516750966	-3.0998195167509563	-0.06140800864894917
12.15	-8.368917645693372	-2.4605167107661434	-2.4605167107661408	-0.11175980261205194
12.200000000000001	-8.497518693871644	-1.6480676477085472	-1.6480676477085447	-0.1342404064731243
12.25	-8.602360084707367	-0.7258657606509872	-0.7258657606509852	-0.12389171914440701
12.3	-8.683464561055354	0.23556043028845142	0.23556043028845078	-0.0837716673673758
12.350000000000001	-8.74100678289177	1.1639024840901775	1.1639024840901775	-0.024081110612754055
12.4	-8.775311803696697	1.9904746773942943	1.9904746773942943	0.04042021755734619
12.450000000000001	-8.786824951977492	2.6552661841358063	2.655266184135802	0.09405682199957513
12.5	-8.776062358254451	3.1112737000309143	3.111273700030904	0.12404218737963993
12.55	-8.74355666389268	3.3278009624652256	3.327800962465211	0.12352258933031411
12.600000000000001	-8.689813368677486	3.2924914521378352	3.2924914521378303	0.09313592094508613
12.65	-8.615289681828948	3.011959358396956	3.0119593583969486	0.0407325411494458
12.700000000000001	-8.520400815739096	2.5109933410854572	2.5109933410854524	-0.02064391021337267
12.75	-8.405550520437854	1.8304175460140468	1.8304175460140362	-0.075998003664211
12.8	-8.271175705138424	1.0237945605649998	1.0237945605649985	-0.11204156112600476
12.850000000000001	-8.117791211285995	0.1532372628272325	0.1532372628272313	-0.12037842356349877
12.9	-7.946021181152962	-0.7153444402470146	-0.7153444402470123	-0.0994531960086189
12.950000000000001	-7.756607759849711	-1.517202449985865	-1.5172024499858654	-0.054813805308298734
13.0	-7.550394709270225	-2.1935474977151332	-2.1935474977151306	0.0023476064749850326
13.05	-7.328290844351628	-2.6958339734045507	-2.6958339734045413	0.057994616473152495
13.100000000000001	-7.091223892806242	-2.9892228573239397	-2.9892228573239326	0.09868861589842265
13.15	-6.840097832047896	-3.0549755952905375	-3.054975595290535	0.11483015317931848
13.200000000000001	-6.575765353235514	-2.891613019725345	-2.891613019725335	0.10291841692569223
13.25	-6.299022358325806	-2.514768110425096	-2.5147681104250887	0.06629786378415983
13.3	-6.010624785029578	-1.9557619650523081	-1.9557619650523055	0.014236041994622585
13.350000000000001	-5.7113215545322795	-1.2590298192808804	-1.259029819280871	-0.04041648649434374
13.4	-5.4018929360266075	-0.4786094166049999	-0.47860941660499756	-0.08439408805659461
13.450000000000001	-5.083182369434241	0.32602970673117304	0.3260297067311719	-0.10723160798728248
13.5	-4.756112045609815	1.0944947932496096	1.0944947932496096	-0.10374925135525377
13.55	-4.421677547999191	1.7699775161931788	1.769977516193174	-0.07521846141904266
13.600000000000001	-4.080923075787924	2.303428820058915	2.3034288200589104	-0.02894897419929498
13.65	-3.7349043618695497	2.657098493614593	2.6570984936145914	0.02357726254624012
13.700000000000001	-3.384649769834101	2.807186635618919	2.807186635618912	0.06955074881479024
13.75	-3.0311302908080577	2.74542117679921	2.7454211767992023	0.097954232466014
13.8	-2.6752462810495636	2.479456316244745	2.4794563162447427	0.10219874649030236
13.850000000000001	-2.317833704908499	2.03207593816383	2.0320759381638287	0.08164593152701553
13.9	-1.9596869095102398	1.4392769895348982	1.4392769895348907	0.04166625384900889
13.950000000000001	-1.6015902461710236	0.7473925788545149	0.7473925788545106	-0.007757166127270122
14.0	-1.244348512372034	0.009485547822679708	0.009485547822675248	-0.05451752413327459
14.05	-0.8888068318969237	-0.7187056069719376	-0.7187056069719364	-0.08734619112789897
14.100000000000001	-0.5358539445483868	-1.382958854425317	-1.382958854425317	-0.09852372561660806
14.15	-0.18640788573321393	-1.934585624720198	-1.9345856247201938	-0.08568916118510109
14.200000000000001	0.15861180236026212	-2.333978702125314	-2.3339787021253118	-0.05232529308450708
14.25	0.498317372737263	-2.553436250176534	-2.553436250176532	-0.006824135316954372
14.3	0.8318823339746435	-2.579063183692174	-2.5790631836921767	0.03961914530801813
14.350000000000001	1.1585590663819785	-2.4116203069824658	-2.4116203069824635	0.07575666275227871
14.4	1.4776802303751526	-2.066270011269395	-2.0662700112693906	0.09300799399120344
14.450000000000001	1.7886444122150438	-1.5712498768190106	-1.5712498768190062	0.08749311675365393
14.5	2.0908910034238137	-0.9655861861906558	-0.9655861861906532	0.06089731570903347
14.55	2.3838722848804723	-0.2960313925925692	-0.29603139259256706	0.019977185214464066
14.600000000000001	2.667031259734955	0.3865334312245881	0.3865334312245923	-0.025151492429935085
14.65	2.939791848365533	1.030953191081712	1.030953191081713	-0.06351094119737503
14.700000000000001	3.2015642554582424	1.589618182306946	1.5896181823069502	-0.08592788880166383
14.75	3.451763803715656	2.0219645865536564	2.0219645865536564	-0.0872226992317889
14.8	3.6898376337696153	2.2974015508576895	2.2974015508576917	-0.06740009630338818
14.850000000000001	3.9152915089649913	2.3974569143947138	2.3974569143947115	-0.03156952461609411
14.9	4.127709114900356	2.316993652744039	2.316993652744039	0.011366238735062028
14.950000000000001	4.3267586011253805	2.064418495051642	2.064418495051638	0.05091913335297983
15.0	4.512184933569111	1.660878688522155	1.6608786885221538	0.07757406441518457
15.05	4.683790765020203	1.138517818459214	1.138517818459212	0.08507429843401616
15.100000000000001	4.841411775909665	0.5379316103501222	0.5379316103501203	0.0718858455504327
15.15	4.9848938665575515	-0.09497591825427296	-0.09497591825427501	0.041498993224258346
15.200000000000001	5.114078824041335	-0.7124919820003385	-0.7124919820003414	0.0015112211262985308
15.25	5.228802418960956	-1.2686823931485722	-1.2686823931485702	-0.03826890835381569
15.3	5.328905137765883	-1.7227966207057985	-1.7227966207057985	-0.0682243279822025
15.350000000000001	5.41425204668634	-2.042239077408468	-2.042239077408468	-0.08125077692843018
15.4	5.484755692953714	-2.2048922750666846	-2.2048922750666784	-0.07443757696672496
15.450000000000001	5.5403952001853245	-2.2006291740667274	-2.2006291740667274	-0.04971145124728556
15.5	5.58122597566322	-2.0319139686181207	-2.0319139686181167	-0.01330282110788353
15.55	5.607377298159557	-1.7134583340636111	-1.7134583340636071	0.025820020966366545
15.600000000000001	5.619038627511304	-1.2709695335920117	-1.2709695335920077	0.05815651395788889
15.65	5.616438716055058	-0.7390933693610022	-0.7390933693610022	0.07597776972136165
15.700000000000001	5.599823573644745	-0.1587141797175181	-0.158714179717518	0.0751708881366758
15.75	5.569439499564235	0.4261787073951008	0.4261787073951023	0.05618413525114751
15.8	5.525525742490591	0.9718175987376179	0.9718175987376179	0.02385666864595381
15.850000000000001	5.468318410155653	1.4379236664091628	1.4379236664091628	-0.013810913965467861
15.9	5.3980639132245445	1.790670367193676	1.79067036719368	-0.04763364080363768
15.950000000000001	5.315037476647516	2.005125624170896	2.0051256241708977	-0.06947889428242136
16.0	5.219560873166685	2.066998298447379	2.0669982984473756	-0.07421885668478093
16.05	5.112013892918631	1.9735692330306354	1.973569233030641	-0.06093082717249449
16.1	4.992836010249825	1.733749106475703	1.733749106475701	-0.033065422923540845
16.150000000000002	4.862517636993764	1.367270003144658	1.3672700031446565	0.0024445323443189637
16.2	4.72158338509941	0.9030808076539983	0.9030808076539963	0.036905577361998385
16.25	4.570572017289155	0.3770743075519434	0.3770743075519434	0.061989103406254575
16.3	4.410018604949952	-0.17067761074424956	-0.17067761074424906	0.07174185376729424
16.35	4.240443626934001	-0.6989687311422078	-0.6989687311422045	0.06399660113018156
16.400000000000002	4.062351597795526	-1.1685517947174946	-1.1685517947174926	0.04084913175765415
16.45	3.876238967074165	-1.54504736306833	-1.545047363068326	0.008097681987937295
16.5	3.6826083294621923	-1.8014521209334402	-1.8014521209334402	-0.026206630704165762
16.55	3.481984214399672	-1.9200639755252555	-1.920063975525257	-0.05373655362018624
16.6	3.2749253759014136	-1.8936882254746592	-1.8936882254746572	-0.06790780710068153
16.650000000000002	3.0620296453177107	-1.7260450702813097	-1.7260450702813042	-0.06545159828740614
16.7	2.8439296701979027	-1.4313591257124167	-1.4313591257124172	-0.04716564963502062
16.75	2.6212805567555493	-1.0331719407062223	-1.0331719407062259	-0.01767200870752076
16.8	2.394742767122936	-0.5624748065275177	-0.5624748065275196	0.01574795406965633
16.85	2.1649649264343185	-0.05530791439542069	-0.05530791439542255	0.04494863933732547
16.900000000000002	1.9325711145063738	0.4499899794362894	0.4499899794362866	0.06290358354914621
16.95	1.6981558068430433	0.915672548675812	0.9156725486758094	0.06539464484015191
17.0	1.4622873316474259	1.3073996316097918	1.3073996316097862	0.05200118153222251
17.05	1.2255182125041546	1.596763395911628	1.596763395911626	0.026157560999693148
17.1	0.9883988041056067	1.7633405806997626	1.7633405806997589	-0.005724209729483871
17.150000000000002	0.751489760559321	1.7961227603069225	1.796122760306917	-0.03584328066728852
17.2	0.5153693301476882	1.6942257500882332	1.6942257500882314	-0.056916903034539966
17.25	0.2806330823655636	1.4668349404123493	1.4668349404123473	-0.06393976425233368
17.3	0.0478859445902719	1.1324008631215514	1.1324008631215514	-0.055371162554787495
17.35	-0.18227132029073628	0.7171543552764985	0.7171543552765031	-0.0334689413683045
17.400000000000002	-0.40925748291032893	0.25305961464758864	0.2530596146475868	-0.0036989047287863002
17.45	-0.6325238861096714	-0.22463676482594744	-0.22463676482594386	0.026626874070894726
17.5	-0.8515617377101713	-0.6800744760307624	-0.680074476030758	0.05014429018137066
17.55	-1.0659019797197054	-1.0794649033472232	-1.0794649033472186	0.06122419386156375
17.6	-1.2751082437926191	-1.3935923758962865	-1.3935923758962827	0.05731873211204342
17.650000000000002	-1.4787653922734374	-1.5999457003557382	-1.5999457003557356	0.03954515974831733
17.7	-1.6764673597205564	-1.6843239858081194	-1.6843239858081194	0.012373777547572018
17.75	-1.8678081141901917	-1.6418023167006972	-1.6418023167006939	-0.017494387240685232
17.8	-2.052378544823684	-1.4769927750040517	-1.4769927750040517	-0.04277877391045909
17.85	-2.2297702742660888	-1.2035903258394955	-1.2035903258394973	-0.05739274852718801
17.900000000000002	-2.3995853364400976	-0.8432466831843693	-0.8432466831843684	-0.057907635413551345
17.95	-2.561448958076421	-0.4238644018462737	-0.4238644018462737	-0.04435553192312207
18.0	-2.7150218231876693	0.02255521496595452	0.02255521496595192	-0.02018338896463172
18.05	-2.8600084138680915	0.46234574887511043	0.4623457488751087	0.008621273180676898
18.1	-2.996159221970074	0.8627072257800689	0.8627072257800715	0.035011920104869865
18.150000000000002	-3.1232664431433426	1.194146285476341	1.1941462854763376	0.05260569059966678
18.2	-3.241154655495939	1.432643755222457	1.4326437552224551	0.05722633012931647
18.25	-3.349669397095836	1.561390049137843	1.5613900491378396	0.04789450146365152
18.3	-3.4486670884518418	1.5719625989208261	1.5719625989208228	0.02703077878361567
18.35	-3.5380092609698446	1.4648629176275219	1.4648629176275185	-0.00016951852739093183
18.400000000000002	-3.617562714064432	1.2493803313685052	1.2493803313685052	-0.0270287526924907
18.45	-3.6872054412318236	0.9428006933550396	0.9428006933550379	-0.04702534957544485
18.5	-3.7468364692966967	0.5690272875374076	0.5690272875374064	-0.05537633665996632
18.55	-3.7963866375624056	0.1567238947480646	0.15672389474806483	-0.05018027284083332
18.6	-3.8358271176509646	-0.26287627823593995	-0.2628762782359387	-0.032847799379626536
18.650000000000002	-3.865173185894397	-0.658329416317309	-0.6583294163173073	-0.0077229742799182505
18.7	-3.884482180998913	-1.0003308054608602	-1.0003308054608584	0.019003942721744393
18.75	-3.8938462813887074	-1.2638808523176412	-1.263880852317638	0.04082059271011548
18.8	-3.8933822181362387	-1.4301077214279192	-1.4301077214279174	0.05247855176129454
18.85	-3.883220873547089	-1.4876135498711094	-1.487613549871106	0.05125517860979332
18.900000000000002	-3.863499672237553	-1.4332478797598747	-1.4332478797598747	0.03758798917344435
18.95	-3.834359781498017	-1.2722559646823275	-1.2722559646823257	0.014934053601785511
19.0	-3.7959486779711527	-1.017797439170972	-1.017797439170969	-0.011103028342170754
19.05	-3.7484270466599665	-0.6898785146851155	-0.6898785146851134	-0.03415836364934849
19.1	-3.6919777230031077	-0.3137844620208637	-0.31378446202086224	-0.04866090372495521
19.150000000000002	-3.626813828990926	0.08186470585433842	0.08186470585433862	-0.05117869426772043
19.200000000000003	-3.5531835374238194	0.46728620522577946	0.46728620522577863	-0.0412296784857066
19.25	-3.471369924451306	0.8137701581892639	0.8137701581892615	-0.021366902560876182
19.3	-3.381685824105277	1.0958122767378584	1.0958122767378569	0.0034747177793834558
19.35	-3.2844650479873763	1.2929860785845655	1.2929860785845624	0.027203423572164615
19.400000000000002	-3.1800523563059384	1.391417655988174	1.3914176559881692	0.04406364673759281
19.450000000000003	-3.068794873700205	1.3847564728924182	1.384756472892415	0.0500313268934198
19.5	-2.95103715929326	1.2745740516282282	1.2745740516282267	0.04377336870195457
19.55	-2.827121021881734	1.0701659577397558	1.0701659577397549	0.026942644133319607
19.6	-2.697389757236173	0.7877778041755423	0.7877778041755374	0.0037439779590911553
19.650000000000002	-2.5621951941428995	0.44931937175426695	0.44931937175426373	-0.020115451237169665
19.700000000000003	-2.4219051434770025	0.08066882838559557	0.08066882838559557	-0.038829431068812564
19.75	-2.2769087716086815	-0.2903015241256978	-0.29030152412569743	-0.047904827215277446
19.8	-2.1276180718749598	-0.6358275735958364	-0.6358275735958356	-0.04523927807837346
19.85	-1.9744647804801427	-0.9303259145160007	-0.9303259145160007	-0.03160631781663107
19.900000000000002	-1.8178934231325925	-1.1522828216851144	-1.1522828216851129	-0.010436522915827823
19.950000000000003	-1.6583522923528349	-1.285821089760447	-1.285821089760447	0.013044569820118462
20.0	-1.4962847226833955	-1.3218311218082894	-1.3218311218082877	0.033105471847057456
20.05	-1.3321228974142199	-1.2585857555315028	-1.258585755531498	0.044906960183724684
20.1	-1.1662856383469395	-1.101797318969434	-1.1017973189694323	0.045668580570461616
20.150000000000002	-0.9991804401808771	-0.8641175275636599	-0.8641175275636577	0.03532240211704576
20.200000000000003	-0.8312087682942884	-0.5641228541049265	-0.5641228541049238	0.016500598776196918
20.25	-0.6627727076543313	-0.22486654152871913	-0.2248665415287168	-0.006132979134654049
20.3	-0.4942806968939101	0.12788966131205287	0.12788966131205362	-0.027037729732570355
20.35	-0.32615039749553554	0.4676281863919345	0.46762818639193604	-0.04115183967309512
20.400000000000002	-0.15880762792212258	0.7690648443864448	0.7690648443864462	-0.04511697839201485
20.450000000000003	0.00731853231786152	1.01002585080986	1.01002585080986	-0.038076118179507845
20.5	0.17180324156038448	1.1730741658650743	1.173074165865073	-0.021855326926959892
20.55	0.3342340282049719	1.2467666841905047	1.2467666841905032	-0.000491952336886324
20.6	0.4942174325552622	1.2264521670700992	1.2264521670700976	0.020769337519608813
20.650000000000002	0.6513825025256033	1.1145544853070954	1.114554485307094	0.0367632813969829
20.700000000000003	0.8053804292807745	0.9203243694578603	0.9203243694578588	0.04365806016286406
20.75	0.9558807409418189	0.6590827183015244	0.6590827183015208	0.03987236007855796
20.8	1.102565460762451	0.35101660727212797	0.35101660727212913	0.026436177003133523
20.85	1.2451231942295953	0.019622445722947936	0.019622445722946434	0.006713503065085706
20.900000000000002	1.383245082768726	-0.31008345782721636	-0.31008345782721713	-0.01443905995891564
20.950000000000003	1.5166239684333658	-0.6134504012012324	-0.6134504012012302	-0.03186746728862626
21.0	1.6449571391504503	-0.8680327634940188	-0.8680327634940188	-0.04137520724654638
21.05	1.7679519595705655	-1.0552465886441773	-1.0552465886441758	-0.0407327395003837
21.1	1.8853328513064724	-1.1617217241161908	-1.1617217241161908	-0.030198892985723598
21.150000000000002	1.99684770930827	-1.180251902096751	-1.180251902096751	-0.012432698889113844
21.200000000000003	2.1022720294123896	-1.1102758351985018	-1.1102758351984987	0.008176705944958746
21.25	2.2014097101990857	-0.9578576336164568	-0.9578576336164553	0.026593544894059063
21.3	2.2940904700474256	-0.7351722112783806	-0.7351722112783806	0.03836503784883567
21.35	2.3801647972409343	-0.4595382194388824	-0.45953821943888135	0.04069716459235783
21.400000000000002	2.459498041764005	-0.152074709557526	-0.15207470955752528	0.03311682764191434
21.450000000000003	2.5319654653441277	0.16391444793600426	0.16391444793600607	0.017563702865105214
21.5	2.5974497393504006	0.46470463887708685	0.464704638877089	-0.0021048455405526874
21.55	2.655841623603984	0.7279292944041216	0.7279292944041238	-0.021069678683555734
21.6	2.707043602523342	0.9342399772567036	0.9342399772567022	-0.034729879752338155
21.650000000000002	2.7509753816771294	1.0687248504993088	1.068724850499307	-0.039818087294140034
21.700000000000003	2.7875796112531326	1.1219821479808825	1.1219821479808825	-0.03518103901219298
21.75	2.816826153943496	1.0907720976085533	1.0907720976085546	-0.022039153138645243
21.8	2.8387136577204677	0.978202757089619	0.9782027570896203	-0.003667217396031766
21.85	2.853267991165256	0.7934400873312418	0.7934400873312389	0.015420723698621734
21.900000000000002	2.860538010923475	0.5509678970858718	0.5509678970858718	0.030579668031607523
21.950000000000003	2.860589889420653	0.2694565923647191	0.2694565923647196	0.03816326027501194
22.0	2.853501617453963	-0.029671456576335766	-0.029671456576335676	0.0364001698538144
22.05	2.8393592041708597	-0.3238698824010637	-0.32386988240106335	0.025806751774385486
22.1	2.8182555616749836	-0.5911657891472564	-0.5911657891472564	0.00904009909047084
22.150000000000002	2.7902922474666974	-0.8117986969244532	-0.8117986969244546	-0.009767558611570408
22.200000000000003	2.755583388317987	-0.9696786286353907	-0.9696786286353892	-0.02602655193110801
22.25	2.714260473172733	-1.0535559699847512	-1.0535559699847525	-0.03580907167679499
22.3	2.666476462377721	-1.057818576252521	-1.0578185762525236	-0.03679729246713915
22.35	2.612407878571017	-0.9828603548737237	-0.9828603548737237	-0.028831677892534546
22.400000000000002	2.552254149244431	-0.8349979493065396	-0.8349979493065409	-0.013930011666058334
22.450000000000003	2.4862342781413855	-0.6259458157051343	-0.6259458157051329	0.004222644291369838
22.5	2.414581693484777	-0.3718925783569494	-0.3718925783569476	0.02118443451649393
22.55	2.33753863104445	-0.09225082954249708	-0.09225082954249743	0.03284291709306879
22.6	2.2553515147387184	0.19182357706048808	0.19182357706048772	0.036411554892272206
22.650000000000002	2.168268473449044	0.45903001025951745	0.4590300102595161	0.031095148106400242
22.700000000000003	2.0765394818695007	0.6895184744782313	0.6895184744782313	0.018265407828039943
22.75	1.9804188316201463	0.8663622562915148	0.8663622562915126	0.0011083174366544235
22.8	1.880168957531534	0.976798445046352	0.976798445046352	-0.01616634381360969
22.85	1.7760642602854082	1.013145574841245	1.0131455748412437	-0.029357327344011003
22.900000000000002	1.6683935878008147	0.9733328823027059	0.9733328823027059	-0.03529308124367512
22.950000000000003	1.5574604499478595	0.8610054413567303	0.861005441356731	-0.03259371193059747
23.0	1.4435807171724453	0.6852013723856475	0.6852013723856475	-0.021990858011948784
23.05	1.3270782909630008	0.4596290740744226	0.4596290740744226	-0.006131572767430632
23.1	1.2082798166823785	0.2016017775277821	0.2016017775277835	0.011081713659850329
23.150000000000002	1.08750976953265	-0.06928832615571758	-0.06928832615571758	0.025450808040535337
23.200000000000003	0.9650871118665123	-0.33265531736878534	-0.3326553173687856	0.033505157302160894
23.25	0.8413242402954553	-0.5688517835613677	-0.5688517835613669	0.033339680163491696
23.3	0.7165282597252705	-0.760432870021845	-0.7604328700218437	0.025064829316520376
23.35	0.5910039414880328	-0.8934428829742486	-0.8934428829742478	0.01076266157696775
23.400000000000002	0.46505724295401435	-0.9584294427440662	-0.9584294427440648	-0.006036259422930849
23.450000000000003	0.33899812329080975	-0.9511116098672513	-0.9511116098672513	-0.021223866146674916
23.5	0.213141620476948	-0.8726551956965384	-0.8726551956965357	-0.031118720448129897
23.55	0.08780668408210604	-0.7295384095450786	-0.7295384095450774	-0.0333579488416267
23.6	-0.03668707302451887	-0.5330217259683596	-0.5330217259683596	-0.02746101068407887
23.650000000000002	-0.16002393115728283	-0.2982650997125043	-0.298265099712505	-0.014930929555311221
23.700000000000003	-0.28189678165194937	-0.04316136916945111	-0.04316136916945309	0.0011278171426047563
23.75	-0.40201082619866335	0.2130248596800971	0.2130248596800964	0.016777864666311437
23.8	-0.5200853898107911	0.4511097519943952	0.4511097519943955	0.028213890438622227
23.85	-0.6358535394873401	0.6534249412724941	0.6534249412724933	0.032687551451959375
23.900000000000002	-0.749059840957141	0.8051271075067592	0.805127107506758	0.02916766818783422
23.950000000000003	-0.859457118089151	0.8952852368280912	0.8952852368280899	0.018577109056772585
24.0	-0.9668033496346806	0.917665812242741	0.917665812242739	0.00355214112175111
24.05	-1.0708597712958132	0.8711596299835027	0.8711596299835014	-0.012213290161737105
24.1	-1.17139087283689	0.7598214621518458	0.7598214621518445	-0.024875350879931837
24.150000000000002	-1.268166406004289	0.5925231524050755	0.592523152405076	-0.031377161217623906
24.200000000000003	-1.3609649206827126	0.3822496253136067	0.3822496253136058	-0.030186445149293185
24.25	-1.4495778992511645	0.14509355923064243	0.1450935592306431	-0.021656092181878264
24.3	-1.5338133907579035	-0.10097371941880309	-0.10097371941880118	-0.00792293837981891
24.35	-1.6134982018204644	-0.3374616623694407	-0.3374616623694407	0.007626884912220776
24.400000000000002	-1.688478129173849	-0.5467478311872362	-0.5467478311872362	0.021192436700630823
24.450000000000003	-1.7586162904611944	-0.7133893131977934	-0.7133893131977921	0.02948675574871641
24.5	-1.8237901553495754	-0.8252606844496475	-0.8252606844496455	0.03053306295938658
24.55	-1.8838882398108032	-0.8744345643176665	-0.8744345643176652	0.024135539254229642
24.6	-1.9388074994590496	-0.8577407158429126	-0.85774071584291	0.011912616911028564
24.650000000000002	-1.988452226688979	-0.7769643534056009	-0.7769643534055983	-0.0031118172241172155
24.700000000000003	-2.032734793365803	-0.6386718504638135	-0.6386718504638109	-0.017256177947397304
24.75	-2.071578025470149	-0.4536801788206327	-0.4536801788206318	-0.027083043906615097
24.8	-2.1049185122987275	-0.2362129446410186	-0.2362129446410186	-0.03023425599925833
24.85	-2.1327098809667357	-0.002808830325318045	-0.0028088303253182008	-0.025996450847239606
24.900000000000002	-2.154925082891323	0.22893399831874134	0.22893399831874006	-0.015461511355322474
24.950000000000003	-2.1715570335564602	0.44168255696448083	0.44168255696447895	-0.0012461249564033
25.0	-2.182617429018776	0.6196634568217707	0.6196634568217689	0.013157740934548398
25.05	-2.188134089275147	0.7498306764930174	0.749830676493016	0.024240340495818306
25.1	-2.188147594263445	0.8228203206095059	0.8228203206095036	0.02932913457036055
25.150000000000002	-2.182708163927135	0.8336224237240828	0.833622423724082	0.027233020029349228
25.200000000000003	-2.171873638316072	0.7819215227403646	0.7819215227403626	0.018520540152745592
25.25	-2.155709069258989	0.6720829857218212	0.6720829857218193	0.005367224442564612
25.3	-2.134287946957872	0.5127889648300361	0.5127889648300339	-0.008987284100955614
25.35	-2.107694597593735	0.3163541939512653	0.3163541939512644	-0.021036908699812513
25.400000000000002	-2.0760269444838393	0.09777560738133168	0.09777560738133137	-0.027865253815136208
25.450000000000003	-2.0393987239780818	-0.1264108695863432	-0.12641086958634307	-0.02785116793205661
25.5	-1.9979404133241891	-0.33937936649339134	-0.33937936649339107	-0.02105314948644644
25.55	-1.9517985089397665	-0.5252749098980185	-0.5252749098980178	-0.009181584217646737
25.6	-1.9011332744787144	-0.6703919372637873	-0.6703919372637849	0.004831108822346201
25.650000000000002	-1.8461155171949761	-0.7641831558049854	-0.7641831558049849	0.017554522724097327
25.700000000000003	-1.7869232203227512	-0.8000245931236882	-0.8000245931236859	0.02589981318704616
25.75	-1.7237388825570392	-0.7756813122995028	-0.7756813122995017	0.027869340266794565
25.8	-1.6567481901837462	-0.693441010687222	-0.6934410106872214	0.023034505119798394
25.85	-1.5861402424671032	-0.5599078939984566	-0.5599078939984564	0.012627547273861445
25.900000000000002	-1.5121090881263586	-0.3854748661450129	-0.3854748661450117	-0.0007719575044735152
25.950000000000003	-1.434855946179998	-0.18351617412165472	-0.18351617412165291	-0.013876251169523854
26.0	-1.354591289798451	0.030636695522171853	0.03063669552217245	-0.023495867656243487
26.05	-1.271536020877256	0.2408574145774102	0.2408574145774108	-0.027315645856967823
26.1	-1.185921237753048	0.4314374829804188	0.43143748298041823	-0.024451551538812732
26.150000000000002	-1.0979865149715435	0.5882582369694569	0.5882582369694551	-0.01565449961813459
26.200000000000003	-1.007977048133697	0.699835074812734	0.6998350748127329	-0.0031143969122722653
26.25	-0.9161403415731785	0.7581569365794538	0.7581569365794533	0.010084674840924665
26.3	-0.8227232386546179	0.7592598061037753	0.7592598061037747	0.020722690063485365
26.35	-0.7279699810851306	0.7034931867818227	0.703493186781822	0.026228984579980286
26.400000000000002	-0.632121671553839	0.5954616944334411	0.5954616944334411	0.02530316640625296
26.450000000000003	-0.5354170974545641	0.4436483995909998	0.4436483995909995	0.018221711372221942
26.5	-0.4380944758395515	0.25975046537620217	0.25975046537620333	0.00675807421972449
26.55	-0.3403934172370186	0.05777909093425704	0.057779090934258794	-0.006261131912376003
26.6	-0.2425563536100898	-0.14700689974618464	-0.14700689974618583	-0.01765287344156771
26.650000000000002	-0.14482884533372298	-0.33925260149081127	-0.33925260149081127	-0.024655648583600698
26.700000000000003	-0.0474585209058585	-0.5046568682427905	-0.5046568682427911	-0.025598582111856873
26.75	0.04930719069435995	-0.6310345563303029	-0.6310345563303024	-0.0202996442414446
26.8	0.1452240214920158	-0.7092125604985275	-0.7092125604985275	-0.010098220156134251
26.85	0.24005380785610725	-0.7336940149484137	-0.7336940149484131	0.002482992723382633
26.900000000000002	0.33356671598145243	-0.7030427219805081	-0.703042721980507	0.014361530547977787
26.950000000000003	0.42554226645630994	-0.6199609924541387	-0.6199609924541382	0.022650113929488708
27.0	0.5157690291597284	-0.4910571235974456	-0.4910571235974456	0.025358173518345167
27.05	0.6040432463939571	-0.32632201595958266	-0.32632201595958193	0.021869557099651618
27.1	0.690166947290156	-0.13835618249978365	-0.13835618249978193	0.013081846098687717
27.150000000000002	0.7739462520379885	0.05859306323112333	0.05859306323112333	0.0011760071102293482
27.200000000000003	0.855190493150792	0.2497105903136039	0.2497105903136039	-0.010924632206201915
27.25	0.9337125267723686	0.42072682161113056	0.4207268216111311	-0.02027191693135168
27.3	1.0093302469271206	0.5589818577326076	0.5589818577326077	-0.024610842756279953
27.35	1.081868957090198	0.654361170306726	0.6543611703067242	-0.022923209221601296
27.400000000000002	1.1511640007487884	0.7000339679346745	0.7000339679346722	-0.015665989763875815
27.450000000000003	1.2170629790127603	0.6929405926246522	0.6929405926246511	-0.004648772180979729
27.5	1.2794270067022702	0.6339943580403192	0.633994358040317	0.007417125337791309
27.55	1.3381307407127052	0.5279847078917004	0.5279847078916998	0.01758561616200471
27.6	1.3930612702579677	0.3831909167553171	0.3831909167553168	0.023394902051926954
27.650000000000002	1.4441162830553282	0.2107371556692998	0.21073715566929938	0.02346319120651922
27.700000000000003	1.4912021199858814	0.023738985767858142	0.02373898576785758	0.017816980504499133
27.75	1.5342323469424233	-0.16369326033001616	-0.1636932603300176	0.007873996086577965
27.8	1.5731273041674982	-0.33751840651561826	-0.33751840651561826	-0.003912444395335677
27.85	1.6078147926622084	-0.4848153735536981	-0.4848153735536976	-0.0146585048037921
27.900000000000002	1.6382317139296607	-0.5947424831037063	-0.5947424831037086	-0.021755156480219615
27.950000000000003	1.6643261948179435	-0.6593340416853637	-0.6593340416853648	-0.023501317258534268
28.0	1.686059585896865	-0.6740759121403044	-0.6740759121403033	-0.01951124841346719
28.05	1.7034077596583008	-0.6382187444003498	-0.6382187444003486	-0.010798746540736552
28.1	1.716361339975117	-0.5548073728840865	-0.5548073728840865	0.0004799648468487981
28.150000000000002	1.7249248045339654	-0.4304261442411719	-0.4304261442411719	0.011559562822714649
28.200000000000003	1.7291147248949101	-0.274681095491182	-0.2746810954911823	0.01974334859830267
28.25	1.7289576498985253	-0.09945943615829887	-0.09945943615829887	0.023059348213996123
28.3	1.724488227858495	0.08197674518902402	0.08197674518902402	0.02073521981062749
28.35	1.7157480771730005	0.25599349000830984	0.25599349000830984	0.013377647431003132
28.400000000000002	1.7027856812011433	0.40960877698917203	0.40960877698917153	0.002814672114705859
28.450000000000003	1.6856572722057144	0.5314601704131543	0.5314601704131543	-0.008358218746092624
28.5	1.6644283727719007	0.6126441771714909	0.6126441771714919	-0.017415591023675785
28.55	1.6391754685324134	0.6473654200319743	0.6473654200319748	-0.02216662578210833
28.6	1.6099872482274413	0.633348511557259	0.6333485115572578	-0.02148476938668911
28.650000000000002	1.5769649754735886	0.5719836286474038	0.5719836286474045	-0.015574505871128465
28.700000000000003	1.5402218107261743	0.4681968507992866	0.4681968507992861	-0.0059121777721403744
28.75	1.4998812060047813	0.33005686305742	0.3300568630574214	0.005122448038295256
28.8	1.4560747590800316	0.16814916902099114	0.16814916902099253	0.014832021991521768
28.85	1.4089400614329428	-0.005233884859506786	-0.005233884859506515	0.020860722935740383
28.900000000000002	1.3586190636914892	-0.17702545717917645	-0.1770254571791762	0.021765641964308774
28.950000000000003	1.3052573186405343	-0.3343682647623929	-0.3343682647623921	0.01736189439277764
29.0	1.2490041954886968	-0.46557618779918164	-0.4655761877991805	0.008758961358300562
29.05	1.190013869053403	-0.561001435261192	-0.5610014352611925	-0.0019184694045253096
29.1	1.1284466593547562	-0.6137429053111284	-0.6137429053111269	-0.012055002423515926
29.150000000000002	1.0644701969104207	-0.6201438232576489	-0.6201438232576478	-0.0191849437813921
29.200000000000003	0.9982599441987908	-0.580042977409809	-0.5800429774098096	-0.02159186171567853
29.25	0.9299987958812297	-0.49676259931425226	-0.4967625993142517	-0.018721570735745496
29.3	0.8598757517491523	-0.37683571088472395	-0.376835710884725	-0.011309239519035293
29.35	0.7880839256942652	-0.22949513095552307	-0.22949513095552254	-0.0011915987687584025
29.400000000000002	0.7148183432422638	-0.06596391511543465	-0.06596391511543517	0.00914790910849389
29.450000000000003	0.6402740345088136	0.10139844791217563	0.10139844791217432	0.017188481740912726
29.5	0.5646448350513094	0.2600292882661318	0.2600292882661309	0.020986359125754684
29.55	0.48812309350269345	0.39810504939281566	0.39810504939281427	0.019644564229932073
29.6	0.41090021616253175	0.5054219169997463	0.5054219169997463	0.013524484702166299
29.650000000000002	0.33316773460142035	0.5741491274256204	0.5741491274256193	0.004149442868197026
29.700000000000003	0.25511843357275454	0.5993993176962649	0.5993993176962649	-0.006174213953804142
29.75	0.17694706603087454	0.5795744535918356	0.5795744535918345	-0.014924304601283191
29.8	0.09885031034565712	0.5164630552790341	0.5164630552790337	-0.019978838043516106
29.85	0.02102585296143205	0.4150832671021902	0.4150832671021907	-0.02013045459051311
29.900000000000002	-0.0563292607969862	0.28328534293014607	0.2832853429301463	-0.015374616400715817
29.950000000000003	-0.13302065055942527	0.13114493737354166	0.13114493737354244	-0.00690281669976157
30.0	-0.2088585348983352	-0.02980606300549416	-0.02980606300549416	0.003195617062792219
30.05	-0.2836591407567675	-0.18745263861409794	-0.18745263861409642	0.01244858217365748
30.1	-0.3572453100459407	-0.3300077192090051	-0.33000771920900407	0.018606213294390148
30.150000000000002	-0.42944626072357744	-0.4468928089701986	-0.4468928089701989	0.020187820158054738
30.200000000000003	-0.5000967043902425	-0.5295223490217497	-0.5295223490217481	0.016837809145181327
30.25	-0.5690357044127297	-0.5719336035070176	-0.5719336035070155	0.009405052463776929
30.3	-0.636105725549511	-0.5712158307638642	-0.5712158307638642	-0.00027186345255689784
30.35	-0.7011522595434975	-0.5277079200805684	-0.5277079200805684	-0.00981925746915318
30.400000000000002	-0.7640242327896847	-0.44495130957068335	-0.4449513095706828	-0.016910461759719317
30.450000000000003	-0.8245751655364564	-0.32940346066260745	-0.3294034606626077	-0.019832693995124936
30.5	-0.8826648272557628	-0.1899350320094515	-0.1899350320094515	-0.01790061597884479
30.55	-0.9381609858155691	-0.03714984973307666	-0.03714984973307794	-0.011616766373864091
30.6	-0.9909408203794069	0.11742032123615372	0.11742032123615194	-0.0025413899716013547
30.650000000000002	-1.0408916666759596	0.262185228154523	0.2621852281545228	0.00709474880399711
30.700000000000003	-1.087910957433031	0.38636440483697787	0.38636440483697765	0.014938547425486606
30.75	-1.1319054525037902	0.4807893082544043	0.480789308254403	0.01908907553642253
30.8	-1.1727900541721645	0.5385796350529585	0.5385796350529569	0.01855816823202019
30.85	-1.210486614798197	0.5556438838584039	0.5556438838584039	0.01350551116107718
30.900000000000002	-1.2449231348214849	0.5309677212409857	0.5309677212409851	0.005192325031504586
30.950000000000003	-1.2760336233775047	0.46666990390326074	0.46666990390326024	-0.004333256457465328
31.0	-1.3037586897973894	0.3678231346758767	0.3678231346758767	-0.012740667994053588
31.05	-1.328046712951623	0.24205490324980045	0.2420549032498002	-0.017987012496360606
31.1	-1.3488552616624088	0.09895972734525069	0.09895972734525069	-0.018813346134637525
31.150000000000002	-1.3661523637581745	-0.0506319451298034	-0.05063194512980303	-0.015046619353426416
31.200000000000003	-1.3799172645207	-0.19547256677151253	-0.19547256677151179	-0.007634905190312037
31.25	-1.3901404631249856	-0.3247423006299435	-0.3247423006299425	0.0015909681292580588
31.3	-1.3968230235327894	-0.4288565046561167	-0.4288565046561172	0.01036951830688885
31.35	-1.3999753627353533	-0.5001757199687251	-0.5001757199687233	0.01656284666928311
31.400000000000002	-1.3996158634652782	-0.5335655849734001	-0.5335655849733977	0.0186772079743493
31.450000000000003	-1.395769699567498	-0.5267656034955903	-0.5267656034955889	0.016223168298888136
31.5	-1.388468188794329	-0.48054026430459434	-0.48054026430459285	0.009828529624858104
31.55	-1.3777488234386328	-0.39860253177843086	-0.39860253177842986	0.0010780573377965246
31.6	-1.36365592269957	-0.28731691868304593	-0.28731691868304493	-0.007879145596314974
31.650000000000002	-1.3462416635870336	-0.15520587118516366	-0.1552058711851635	-0.014857363163782528
31.700000000000003	-1.3255671336936101	-0.012297775065719992	-0.012297775065719871	-0.01816751921369659
31.75	-1.3017030419218476	0.13063355006045754	0.1306335500604574	-0.017025886930478712
31.8	-1.27472982282286	0.2628802777627913	0.2628802777627908	-0.011739399172861202
31.85	-1.244737046145702	0.37460194734977725	0.37460194734977675	-0.003623812008775115
31.900000000000002	-1.2118222430200833	0.4575569497081117	0.457556949708111	0.005323613025713631
31.950000000000003	-1.1760894250417047	0.505709848143793	0.505709848143793	0.012915528179724836
32.0	-1.137647654660746	0.5156698078593721	0.5156698078593712	0.01730914039609435
32.050000000000004	-1.0966100015217657	0.48692826516080134	0.4869282651608007	0.017453414454231268
32.1	-1.0530930981810367	0.4218791846975591	0.42187918469755764	0.013340327863106287
32.15	-1.0072173264844606	0.3256216822442272	0.3256216822442253	0.006000149398787938
32.2	-0.95910747713541	0.20556116621871742	0.20556116621871692	-0.0027564649283631244
32.25	-0.9088935849429669	0.07084020195780724	0.070840201957807	-0.01078502837021894
32.300000000000004	-0.8567115914039707	-0.06835712694900709	-0.06835712694900757	-0.016132312171799838
32.35	-0.8027035384564208	-0.20157442940710082	-0.20157442940710033	-0.017511416407008925
32.4	-0.7470171358096481	-0.3188677542281887	-0.3188677542281887	-0.014611310443568728
32.45	-0.689804727529597	-0.4115470988709497	-0.4115470988709492	-0.008166439670334199
32.5	-0.6312218574195465	-0.472819520008626	-0.4728195200086251	0.0002290317870903146
32.550000000000004	-0.5714257460945367	-0.49828635137403177	-0.4982863513740298	0.00851542141323326
32.6	-0.5105740134422853	-0.48625817372326424	-0.48625817372326285	0.014672731624781716
32.65	-0.44882390299975056	-0.4378649835597472	-0.4378649835597472	0.0172129667220328
32.7	-0.38633211379020616	-0.3569544596599795	-0.35695445965997874	0.015539595824423045
32.75	-0.3232551653096357	-0.2497871735452715	-0.24978717354527055	0.010087348998782173
32.800000000000004	-0.2597500656274501	-0.12455281339230453	-0.12455281339230383	0.0022096560231797606
32.85	-0.19597496664250455	0.009255186283946153	0.00925518628394663	-0.006157210445458389
32.9	-0.1320894984124749	0.14155881794872693	0.14155881794872646	-0.012969960847898102
32.95	-0.0682545729425392	0.2624539843734789	0.2624539843734789	-0.01657716984298005
33.0	-0.0046316067638919435	0.36295125420477964	0.36295125420478	-0.016119438412004635
33.050000000000004	0.05861871621150966	0.43564358974519607	0.4356435897451956	-0.011733917279015389
33.1	0.12133788532932314	0.47525157384087124	0.47525157384087074	-0.004514582005519416
33.15	0.1833708929131341	0.4790061043451323	0.4790061043451323	0.0037605087296383854
33.2	0.24456717286499066	0.44684086976067905	0.4468408697606786	0.011067016675355616
33.25	0.3047809837434249	0.38138126507480524	0.38138126507480474	0.01562942556314861
33.300000000000004	0.36387123434343505	0.2877317037405927	0.2877317037405925	0.016352379470236635
33.35	0.4217009103517622	0.17307839425413918	0.1730783942541381	0.013083494037513277
33.4	0.478136373026499	0.04613843193667391	0.04613843193667321	0.006644619019445937
33.45	0.5330468317986158	-0.0835025524842311	-0.08350255248423134	-0.0013746173150833148
33.5	0.5863042347527665	-0.206113821811282	-0.2061138218112827	-0.009009152807997273
33.550000000000004	0.6377836920054549	-0.31254942108482053	-0.3125494210848201	-0.0143999059951427
33.6	0.6873643854221595	-0.3949298101647854	-0.39492981016478396	-0.01624634608592617
33.65	0.7349307722636046	-0.4472245275593756	-0.44722452755937514	-0.01412008479817842
33.7	0.7803738022341851	-0.46569291682515124	-0.46569291682515124	-0.008563924363499328
33.75	0.8235918625176524	-0.4491508122046296	-0.4491508122046291	-0.0009535530781022376
33.800000000000004	0.8644912440163347	-0.3990442464927538	-0.3990442464927538	0.0068429377344482204
33.85	0.9029860601363697	-0.3193257455866239	-0.3193257455866239	0.012923485409157153
33.9	0.9389977061523342	-0.21614355329616297	-0.2161435532961626	0.01581597122780329
33.95	0.9724540758283413	-0.09736809676395465	-0.09736809676395423	0.014834497273574141
34.0	1.0032888158016462	0.028007893682646667	0.02800789368264713	0.010241825618363197
34.050000000000004	1.0314408787623504	0.15054988376036607	0.15054988376036607	0.003179558712330083
34.1	1.0568545406169099	0.26109112210896557	0.2610911221089651	-0.004615502882651432
34.15	1.0794799037473701	0.3514179196317645	0.35141791963176494	-0.01123837588422789
34.2	1.099273760214315	0.41487941200842327	0.41487941200842327	-0.015081318016542519
34.25	1.1162005796466243	0.44687661381250193	0.4468766138125015	-0.015223980458179838
34.300000000000004	1.1302333472438113	0.4451949138297753	0.4451949138297748	-0.011653651492503898
34.35	1.1413540192513927	0.41015608673690657	0.41015608673690657	-0.005262935431833904
34.4	1.149553472761001	0.34457950445994867	0.3445795044599477	0.0023732364545720015
34.45	1.1548309710929523	0.25355652127237416	0.25355652127237455	0.009385602667929642
34.5	1.1571933024786278	0.14405594058274193	0.14405594058274193	0.014068028659042704
34.550000000000004	1.1566538385615337	0.02439102781257725	0.02439102781257725	0.015292504321531411
34.6	1.1532317746676812	-0.09641122433682398	-0.09641122433682432	0.01278076186005503
34.65	1.146951752420221	-0.20929072557101375	-0.20929072557101328	0.007167134792959673
34.7	1.137843945746681	-0.30583346066369915	-0.30583346066369826	-0.0001614438487304463
34.75	1.125944549546659	-0.37889826340705146	-0.37889826340705096	-0.007407989200675282
34.800000000000004	1.111296488072901	-0.4231445136245481	-0.4231445136245481	-0.012805977707169552
34.85	1.0939500929969317	-0.43542182832471427	-0.4354218283247138	-0.015049864115292756
34.9	1.0739635083284182	-0.4149934192280008	-0.4149934192280017	-0.013610714750064876
34.95	1.0514026577581874	-0.3635774093520087	-0.3635774093520087	-0.008860685501683995
35.0	1.026340735886138	-0.2852040859275447	-0.2852040859275447	-0.001977104958182291
35.050000000000004	0.9988573206509527	-0.18590080886841945	-0.18590080886841961	0.005349194016915636
35.1	0.9690373102551443	-0.07322909663300353	-0.07322909663300331	0.01132907847193726
35.15	0.9369699332340187	0.04429065618411726	0.044290656184117046	0.014511931537359513
35.2	0.9027480524002486	0.15782312109644428	0.1578231210964436	0.014137456240205395
35.25	0.8664678912367492	0.25888197929623824	0.2588819792962378	0.010317164046070032
35.300000000000004	0.8282291827681139	0.3399639459638016	0.3399639459638014	0.004002251592118863
35.35	0.7881356139474349	0.39510547729523166	0.39510547729523166	-0.0032530976251384926
35.4	0.7462953504956134	0.4203208601218691	0.42032086012186826	-0.009674114329205978
35.45	0.7028214034402432	0.4138895589177005	0.4138895589177005	-0.013699480306495043
35.5	0.6578316453224878	0.3764722109542001	0.3764722109542009	-0.014360877977395537
35.550000000000004	0.6114483867490866	0.31104761803468584	0.311047618034685	-0.01151581462324962
35.6	0.5637975520575138	0.2226765015042177	0.2226765015042179	-0.005877772229339378
35.65	0.5150076082365083	0.11811067827118067	0.11811067827118177	0.001162545003352259
35.7	0.4652084704021459	0.005277747431862894	0.005277747431862456	0.00788012870640608
35.75	0.41453061036378397	-0.10731947432566998	-0.10731947432566932	0.012638229183405464
35.800000000000004	0.3631045316532436	-0.21124333361870323	-0.21124333361870323	0.014287076679845901
35.85	0.31106066446989666	-0.2987533235126351	-0.29875332351263356	0.012441644802005812
35.9	0.25852960966246796	-0.36338231193425347	-0.36338231193425263	0.007571364894275049
35.95	0.20564255908252244	-0.4004140911541887	-0.40041409115418775	0.0008809328400756194
36.0	0.15253166980317004	-0.40722698544339875	-0.4072269854433992	-0.005987576784190451
36.050000000000004	0.09933018598718697	-0.3834785350645026	-0.38347853506450214	-0.011357651162185877
36.1	0.04617217889385383	-0.33111836205347583	-0.3311183620534754	-0.013927476617222002
36.15	-0.006808110220497841	-0.25422927710904936	-0.2542292771090496	-0.013085447618985443
36.2	-0.05947722205687626	-0.1587095263187696	-0.1587095263187696	-0.009055603840993433
36.25	-0.1117035373559433	-0.05182085594912379	-0.05182085594912444	-0.0028384439199523035
36.300000000000004	-0.16335822187900267	0.05836305523062291	0.05836305523062183	0.0040373461104568345
36.35	-0.21431587308982794	0.1635659878808677	0.16356598788086685	0.009890677669807356
36.4	-0.2644547710185094	0.25593046588496837	0.2559304658849671	0.013299008077143874
36.45	-0.3136567509101575	0.3286043155743917	0.3286043155743913	0.013444010048169645
36.5	-0.3618068237749827	0.37624869931515414	0.37624869931515326	0.01030797365560364
36.550000000000004	-0.40879274110344027	0.39542993143250654	0.3954299314325057	0.004673816306313257
36.6	-0.4545047116287815	0.38486631953939143	0.384866319539391	-0.0020702512393154147
36.65	-0.49883542833967776	0.3455123379276792	0.3455123379276784	-0.00827269364494072
36.7	-0.5416804682242315	0.2804747653341382	0.2804747653341384	-0.01242302825850599
36.75	-0.5829390141241982	0.19476805255392549	0.19476805255392568	-0.013519613279545775
36.800000000000004	-0.6225147508172008	0.09492816923893939	0.0949281692389395	-0.011311311609944178
36.85	-0.6603167346094418	-0.011485368678056104	-0.01148536867805589	-0.006354746335518887
36.9	-0.6962600420163331	-0.11646141835577833	-0.11646141835577749	0.00012583762149229592
36.95	-0.7302660663974426	-0.21213988849065502	-0.2121398884906545	0.006540866366009463
37.0	-0.7622624322256573	-0.2913999025998227	-0.29139990259982146	0.011325268289562505
37.050000000000004	-0.7921826052120722	-0.34838946390033854	-0.3483894639003369	0.013320257454225357
37.1	-0.8199653609035135	-0.3789572162529083	-0.3789572162529076	0.012053944542536874
37.15	-0.8455543100017998	-0.3809544237657463	-0.3809544237657463	0.007852828392106246
37.2	-0.8688976557220393	-0.35438520107204796	-0.3543852010720475	0.0017578549414651525
37.25	-0.8899482842996426	-0.3013945530136094	-0.3013945530136084	-0.004733429997787986
37.300000000000004	-0.9086641866012811	-0.22609603117846247	-0.22609603117846144	-0.010034777641351234
37.35	-0.9250091074083564	-0.13425283996871054	-0.13425283996871032	-0.012858811767055145
37.4	-0.938953248811258	-0.03283711578927963	-0.03283711578927963	-0.012529597245977714
37.45	-0.9504738357980377	0.07049894225931727	0.07049894225931716	-0.009144329138011446
37.5	-0.9595553901647013	0.16800003109088485	0.16800003109088454	-0.003545492117514749
37.550000000000004	-0.9661896416310933	0.2523893660715106	0.2523893660715099	0.0028887090566983107
37.6	-0.9703751078225806	0.3174114129769477	0.3174114129769477	0.00858354469697591
37.65	-0.9721164671660045	0.3582952837043823	0.3582952837043814	0.012153119028085151
37.7	-0.9714239038367445	0.3721044666685972	0.372104466668597	0.012737600108955917
37.75	-0.9683126058471461	0.3579472374611394	0.35794723746113993	0.010210268193160133
37.800000000000004	-0.9628025463456302	0.3170326774091271	0.3170326774091263	0.005204536499617629
37.85	-0.9549185893844251	0.25256890901159423	0.2525689090115938	-0.0010446931938630664
37.9	-0.9446908617891695	0.16951203677203258	0.16951203677203242	-0.007005627400961464
37.95	-0.9321552511601663	0.07418544533658009	0.07418544533657967	-0.011225006376850033
38.0	-0.9173538505495679	-0.026201291583491097	-0.026201291583491302	-0.01268235402166692
38.050000000000004	-0.900335184080389	-0.12409730484739503	-0.12409730484739492	-0.011036714094837235
38.1	-0.8811541099467353	-0.21217799258289738	-0.21217799258289674	-0.0067062370881366086
38.15	-0.8598713893627987	-0.283892660660792	-0.28389266066079155	-0.000762088872063404
38.2	-0.8365530045752714	-0.33395136006095133	-0.33395136006095133	0.005336441196541185
38.25	-0.8112693784294005	-0.3587147774444241	-0.3587147774444233	0.010100146706361642
38.300000000000004	-0.7840946720006085	-0.356458446987494	-0.35645844698749285	0.012373511083762771
38.35	-0.7551063090141484	-0.32749209159088466	-0.3274920915908842	0.011614944454931862
38.400000000000006	-0.7243848046831037	-0.2741258586205741	-0.27412585862057387	0.008025695641736367
38.45	-0.6920138837063416	-0.2004867590069937	-0.2004867590069931	0.002496780473723168
38.5	-0.6580807848963385	-0.11219986369920815	-0.11219986369920774	-0.0036121486102931298
38.550000000000004	-0.6226765936709384	-0.015958894858225627	-0.015958894858225017	-0.008807121717477486
38.6	-0.5858964349216988	0.08098099328660796	0.08098099328660796	-0.011825161383079916
38.650000000000006	-0.5478393993229945	0.1713498171334194	0.171349817133419	-0.011941268407591193
38.7	-0.5086081538025522	0.24840760940903775	0.24840760940903697	-0.009142485347477258
38.75	-0.46830827827626154	0.30644673784370635	0.30644673784370635	-0.004127275337127742
38.800000000000004	-0.4270474492160187	0.3412143228203869	0.34121432282038605	0.0018687009894503854
38.85	-0.38493463279436113	0.3502235319477511	0.35022353194775063	0.007376975875431087
38.900000000000006	-0.3420794449706336	0.3329309778287763	0.33293097782877584	0.01105586569160969
38.95	-0.29859178416945814	0.29076756699060397	0.29076756699060313	0.012017220449907832
39.0	-0.2545817605592379	0.22702119167911272	0.2270211916791125	0.01004076580107265
39.050000000000004	-0.21015985800803216	0.14658079055732295	0.14658079055732195	0.005624323818395289
39.1	-0.1654371969698892	0.05556168021776206	0.055561680217761464	-0.00014147229993260568
39.150000000000006	-0.12052573802219416	-0.039159117791391564	-0.039159117791391765	-0.0058424610281150174
39.2	-0.07553828502592837	-0.13046222885260061	-0.13046222885260084	-0.010087752545462117
39.25	-0.030588207317279445	-0.2115207362466674	-0.2115207362466674	-0.011849008655739901
39.300000000000004	0.014211115864332605	-0.2763103082340346	-0.2763103082340346	-0.010709459137671105
39.35	0.05874704339819322	-0.3200565797190238	-0.320056579719023	-0.006962377964447207
39.400000000000006	0.10290847092307936	-0.3395866258394606	-0.3395866258394598	-0.0015357907233496113
39.45	0.14658652385520526	-0.33355869757710477	-0.33355869757710477	0.004237300900655742
39.5	0.18967501973167117	-0.3025536070240792	-0.302553607024079	0.00894630518193419
39.550000000000004	0.23207064248966291	-0.24902157231051267	-0.24902157231051228	0.011447646996371652
39.6	0.2736728546157791	-0.1770891886640974	-0.17708918866409723	0.011142420705648578
39.650000000000006	0.3143836480889612	-0.09224167014695812	-0.09224167014695774	0.00811968928146046
39.7	0.35410727930158853	-0.0009048115125691188	-0.0009048115125685285	0.0031311652568185963
39.75	0.39275013430476086	0.09004145954361165	0.09004145954361242	-0.0025956653844287298
39.800000000000004	0.43022082867854694	0.1737810956340071	0.1737810956340067	-0.007659530757878922
39.85	0.4664305739905678	0.2440725017839334	0.244072501783933	-0.010828185812984295
39.900000000000006	0.5012937616485392	0.29571344577731445	0.29571344577731445	-0.011338197770241532
39.95	0.5347286490064955	0.32492572807549597	0.3249257280754952	-0.009078792246409962
40.0	0.5666580006745839	0.32963122690009133	0.32963122690009133	-0.004615513562710556
