0.05	0.3190301119411154	0.32058221214732385	0.32058221214732385	0.32809830715856625
0.1	0.31380985033207676	0.3194954124934533	0.3194954124934533	0.35080913778956063
0.15000000000000002	0.30539029796549155	0.3160057489500404	0.3160057489500404	0.3912650634999328
0.2	0.29454427603326316	0.3071727984149027	0.30717279841490264	0.45320057464057156
0.25	0.2831649280197506	0.28819550469584587	0.2881955046958457	0.5408827109575441
0.30000000000000004	0.27516131661638027	0.25247302981916453	0.2524730298191643	0.6564761469407431
0.35000000000000003	0.27705199821346527	0.1936046336492175	0.19360463364921687	0.7945321988777208
0.4	0.29651766737137825	0.11085702474047793	0.11085702474047768	0.9355725850404681
0.45	0.33739765578757214	0.015519694894616482	0.015519694894615884	1.0480118183712837
0.5	0.3946806591901023	-0.07117215553508942	-0.07117215553509008	1.1063167122543305
0.55	0.45687810287090996	-0.13136221893872074	-0.1313622189387214	1.1099263957877814
0.6000000000000001	0.5141157810859632	-0.16049198899670358	-0.16049198899670414	1.0794111172212049
0.65	0.5624791844732081	-0.16430386495813273	-0.16430386495813298	1.0382855564719544
0.7000000000000001	0.6026051529912311	-0.1511967298933943	-0.15119672989339447	1.002029377835449
0.75	0.6368604732589012	-0.1279829400757014	-0.12798294007570146	0.977507694764958
0.8	0.6676188682858605	-0.09921312519181669	-0.09921312519181676	0.9660133662070257
0.8500000000000001	0.6966178922214259	-0.06788210724702841	-0.06788210724702845	0.9658543854506932
0.9	0.724830890817902	-0.036239606179248575	-0.03623960617924854	0.973835945136505
0.9500000000000001	0.7525285408654999	-0.006300578571949148	-0.006300578571949146	0.9861094263666624
1.0	0.779433576175129	0.020005979138875356	0.020005979138875505	0.9988514777904942
1.05	0.8049542863760264	0.04098456056346971	0.04098456056346979	1.008942571814843
1.1	0.82846231494764	0.05546238404822718	0.05546238404822744	1.0145330499305432
1.1500000000000001	0.849534273022148	0.06302052390845087	0.06302052390845105	1.0152718220996984
1.2000000000000002	0.8680748671132784	0.064024635212459	0.0640246352124592	1.0120901449563053
1.25	0.8842972077714676	0.05945020616248413	0.059450206162484226	1.006661243837978
1.3	0.8986052860734051	0.050609516446750186	0.05060951644675032	1.0007906613761797
1.35	0.9114516338843317	0.038902952461636796	0.038902952461636955	0.9959500345112358
1.4000000000000001	0.9232252551762018	0.025659386374433556	0.02565938637443365	0.9930342562415387
1.4500000000000002	0.9341910829239544	0.012064535581701133	0.012064535581701133	0.9923157636973633
1.5	0.9444777397131127	-0.0008583495322280361	-0.0008583495322280059	0.9935318854553028
1.55	0.9541004719467581	-0.012253532616632106	-0.012253532616632134	0.9960482917134336
1.6	0.9630046280978309	-0.021446590798318444	-0.021446590798318507	0.9990577764151355
1.6500000000000001	0.9711157666118984	-0.02797074301568117	-0.02797074301568123	1.0017806240923077
1.7000000000000002	0.9783835308540871	-0.031594509040848186	-0.031594509040848213	1.0036320756008377
1.75	0.984809036368958	-0.032333786236888394	-0.032333786236888415	1.004324789033145
1.8	0.9904508515257879	-0.030436140834617008	-0.030436140834617084	1.0038879787560737
1.85	0.9954116609331959	-0.02633647652515615	-0.026336476525156173	1.0026081539194696
1.9000000000000001	0.9998134779838131	-0.020594202545108492	-0.020594202545108523	1.0009183811351285
1.9500000000000002	1.003771349318126	-0.01382673253068913	-0.013826732530689178	0.9992732402924596
2.0	1.0073736432258942	-0.006651536926504792	-0.006651536926504864	0.9980425517210916
2.0500000000000003	1.0106730026955573	0.00035766477345105916	0.00035766477345105916	0.9974439874513322
2.1	1.013688022781409	0.006701245753903917	0.006701245753903942	0.9975205657610676
2.15	1.0164129423698618	0.011974403412385691	0.011974403412385691	0.9981585391065084
2.2	1.0188313375173437	0.01588195399882083	0.01588195399882078	0.9991350654486989
2.25	1.0209296705730475	0.01824863674513686	0.01824863674513688	1.0001820008436635
2.3000000000000003	1.022707270930025	0.019023906563458114	0.019023906563458117	1.001051092931029
2.35	1.024180683696229	0.01827893696620066	0.01827893696620066	1.0015668138919036
2.4000000000000004	1.0253820608899984	0.016194108821847825	0.016194108821847814	1.0016565621812226
2.45	1.0263529585949833	0.013037233874040403	0.01303723387404043	1.001353837476996
2.5	1.0271360368821607	0.00913505804189007	0.009135058041890064	1.0007768552237795
2.5500000000000003	1.0277673989578602	0.004842052310636503	0.004842052310636507	1.0000907713228697
2.6	1.028271672511238	0.0005105494790848292	0.0005105494790848385	0.9994645104578833
2.6500000000000004	1.028660781650608	-0.0035348553270994473	-0.0035348553270994195	0.9990327065371127
2.7	1.0289361537279698	-0.0070173104770138005	-0.0070173104770138005	0.998870317767598
2.75	1.0290932183927803	-0.009722067955707955	-0.009722067955707991	0.9989834717384551
2.8000000000000003	1.0291266477941048	-0.0115057195267569	-0.01150571952675688	0.9993162215413525
2.85	1.0290348432927006	-0.012300755398196632	-0.012300755398196632	0.9997698185895683
2.9000000000000004	1.028822586503146	-0.01211552122719911	-0.01211552122719911	1.0002290863150687
2.95	1.028501394330819	-0.011029396424916332	-0.011029396424916349	1.000589613044107
3.0	1.0280877853266401	-0.009183146710159037	-0.009183146710159044	1.0007798443328442
3.0500000000000003	1.0276002105812625	-0.006764927752869839	-0.006764927752869839	1.0007737086452528
3.1	1.02705568716641	-0.003993114671205542	-0.003993114671205542	1.0005918591767693
3.1500000000000004	1.0264671315332181	-0.001097687313244346	-0.0010976873132443443	1.0002923667279389
3.2	1.025842064964018	0.00169792667425973	0.0016979266742597338	0.999954030290511
3.25	1.0251828840493131	0.0041929072501275255	0.0041929072501275255	0.9996568065304365
3.3000000000000003	1.0244884215820846	0.006221895346507617	0.0062218953465076315	0.9994639781068784
3.35	1.023756202359821	0.007664135947637052	0.007664135947637045	0.9994097465848478
3.4000000000000004	1.0229846894895913	0.008448847189721763	0.008448847189721763	0.9994943480669983
3.45	1.0221749126107347	0.008556974040675973	0.008556974040675987	0.9996869940779404
3.5	1.021331111948775	0.008019537518108213	0.008019537518108204	0.9999353036585641
3.5500000000000003	1.0204603396410024	0.0069127960196008875	0.0069127960196008875	1.0001786740228038
3.6	1.019571248230646	0.005350509782637211	0.005350509782637192	1.000362407169739
3.6500000000000004	1.0186724943746044	0.003473790036112836	0.003473790036112836	1.0004494588627573
3.7	1.017771248704181	0.001439280593802203	0.0014392805938021997	1.0004273876771
3.75	1.0168722230674019	-0.0005933400225385788	-0.0005933400225385853	1.000309297840406
3.8000000000000003	1.0159774376612696	-0.0024734392847903706	-0.0024734392847903706	1.0001289990735618
3.85	1.015086717217099	-0.004070075319974881	-0.004070075319974888	0.9999318959371631
3.9000000000000004	1.0141987003676052	-0.0052804286722373615	-0.0052804286722373615	0.9997639630884492
3.95	1.0133120261326334	-0.0060355682584813785	-0.006035568258481367	0.9996613985319783
4.0	1.0124263498514563	-0.006303407126023072	-0.006303407126023077	0.999643185463986
4.05	1.0115429267265013	-0.006088930163197448	-0.006088930163197465	0.9997079844659511
4.1000000000000005	1.0106646482156183	-0.005431907827107407	-0.0054319078271074005	0.9998357414775293
4.15	1.0097955781611996	-0.004402381040594767	-0.004402381040594767	0.9999933609843193
4.2	1.0089401679259176	-0.003094264134818989	-0.0030942641348189813	1.0001429573594063
4.25	1.0081024012598458	-0.0016175014242510186	-0.0016175014242510101	1.0002507128478655
4.3	1.0072851163923748	-8.932949147845799e-5	-8.932949147845518e-5	1.000294327904422
4.3500000000000005	1.0064896813693247	0.0013746927061924577	0.0013746927061924687	1.0002674538432899
4.4	1.0057160836428398	0.0026691698080128514	0.0026691698080128622	1.000180254945793
4.45	1.0049633722557585	0.0037061953290167824	0.0037061953290167984	1.0000561739646479
4.5	1.004230296656059	0.004420976473751417	0.004420976473751423	0.9999258431875643
4.55	1.0035159450637199	0.004775422111225552	0.004775422111225562	0.999819685701016
4.6000000000000005	1.002820204048799	0.004759576148126578	0.004759576148126583	0.999760961229068
4.65	1.0021439279437778	0.004390965424590299	0.004390965424590299	0.999760808726586
4.7	1.0014887979491733	0.003712062843035854	0.003712062843035859	0.9998163024246268
4.75	1.0008569386833772	0.0027861473085223636	0.002786147308522353	0.9999118113194426
4.800000000000001	1.000250421118884	0.0016918950604794091	0.0016918950604794141	1.0000232004278082
4.8500000000000005	0.9996708014633475	0.0005170857591480949	0.0005170857591480949	1.000123794061393
4.9	0.9991188234166437	-0.0006481395005093825	-0.0006481395005093873	1.000190663609344
4.95	0.9985943554901742	-0.0017179827922925003	-0.0017179827922925075	1.0002097786344593
5.0	0.9980965633390663	-0.002617152273996985	-0.00261715227399699	1.0001788730942014
5.050000000000001	0.9976242505419309	-0.0032860127265951695	-0.003286012726595179	1.0001074520104578
5.1000000000000005	0.9971762586267052	-0.003684347279592352	-0.003684347279592357	1.0000140559318853
5.15	0.9967518089704297	-0.0037934959741885137	-0.0037934959741885137	0.9999215391520127
5.2	0.9963506951489913	-0.003616797960083753	-0.0036167979600837553	0.9998515493287226
5.25	0.9959732840173584	-0.0031784123775390953	-0.0031784123775390953	0.9998195276560076
5.300000000000001	0.9956203410051562	-0.0025207065589868353	-0.0025207065589868314	0.999831367059324
5.3500000000000005	0.9952927431193416	-0.0017004742439498575	-0.0017004742439498553	0.999882432446331
5.4	0.9949911695482451	-0.0007842906132341147	-0.0007842906132341104	0.9999590741152724
5.45	0.9947158592027988	0.00015666017800253113	0.00015666017800253332	1.0000421866939853
5.5	0.9944664992735074	0.0010519261819505227	0.0010519261819505303	1.0001119092972026
5.550000000000001	0.9942422675583966	0.0018369230452499803	0.0018369230452499824	1.0001523267437569
5.6000000000000005	0.99404200635539	0.002457492056917992	0.002457492056918003	1.000155066975619
5.65	0.9938644699226558	0.002873544523890932	0.0028735445238909363	1.0001209848456685
5.7	0.9937085705279101	0.003061530309193421	0.003061530309193423	1.0000596029698716
5.75	0.993573553671647	0.003015575728034022	0.00301557572803403	0.999986525509243
5.800000000000001	0.9934590581047505	0.0027472592748608547	0.002747259274860861	0.9999195148078099
5.8500000000000005	0.9933650521695304	0.0022841109643458677	0.0022841109643458694	0.9998742105422632
5.9	0.9932916736585012	0.0016670147890807438	0.001667014789080746	0.999860515207359
5.95	0.9932390257076205	0.0009467565970162772	0.0009467565970162772	0.9998804709445256
6.0	0.9932069899435482	0.00017999486019750865	0.00017999486019750865	0.9999280703634839
6.050000000000001	0.9931951090598645	-0.0005750516279068222	-0.0005750516279068266	0.9999909749078999
6.1000000000000005	0.9932025679917901	-0.0012628992173703863	-0.0012628992173703921	1.000053668646118
6.15	0.9932282731676788	-0.0018347810970891136	-0.0018347810970891214	1.0001012536436535
6.2	0.9932710015780615	-0.0022520348612260644	-0.0022520348612260666	1.0001229662697544
6.25	0.9933295732826898	-0.002488653252890082	-0.002488653252890082	1.0001145880854883
6.300000000000001	0.9934029971001319	-0.002532818575293813	-0.0025328185752938282	1.0000792142944686
6.3500000000000005	0.9934905499457674	-0.0023873269071703488	-0.0023873269071703453	1.0000262532817894
6.4	0.9935917716959574	-0.002068905348043796	-0.0020689053480438023	0.9999689589318174
6.45	0.9937063827290081	-0.0016065187902673751	-0.0016065187902673769	0.9999211374761402
6.5	0.9938341528921942	-0.0010388385017923792	-0.00103883850179238	0.9998938430740426
6.550000000000001	0.99397476263235	-0.0004110957949765224	-0.0004110957949765228	0.999892847322447
6.6000000000000005	0.9941276966747421	0.00022842939823987312	0.00022842939823987398	0.9999174543034869
6.65	0.9942921989005437	0.0008320275735608815	0.000832027573560884	0.9999608936427317
6.7	0.9944672980001075	0.001356033815923616	0.0013560338159236212	1.0000121434789973
6.75	0.9946518928431252	0.0017639189920677103	0.0017639189920677174	1.0000587024866772
6.800000000000001	0.9948448701602337	0.002028784954702797	0.0020287849547028004	1.0000896206118468
6.8500000000000005	0.9950452194401206	0.002135090078417776	0.002135090078417776	1.0000980579500223
6.9	0.9952521126627493	0.0020794874890094194	0.0020794874890094246	1.0000827762813935
6.95	0.9954649283325419	0.0018707290541186883	0.00187072905411869	1.000048242145787
7.0	0.9956832163826692	0.0015286661490036312	0.001528666149003637	1.0000033639969277
7.050000000000001	0.9959066176705681	0.0010824525630914266	0.0010824525630914348	0.9999592128657465
7.1000000000000005	0.9961347640123445	0.0005681152407225181	0.0005681152407225231	0.9999263067736925
7.15	0.9963671887768318	2.5698415524755182e-5	2.5698415524757675e-5	0.9999121217748976
7.2	0.9966032733157315	-0.0005037948160994235	-0.0005037948160994235	0.9999194138167992
7.25	0.9968422428465487	-0.0009814388534115754	-0.0009814388534115745	0.9999457217532269
7.300000000000001	0.9970832105510754	-0.0013731875863488814	-0.00137318758634888	0.9999841289977767
7.3500000000000005	0.9973252549724588	-0.0016522513991647871	-0.0016522513991647904	1.0000250607737837
7.4	0.9975675070718638	-0.0018008887370965388	-0.0018008887370965436	1.000058655739324
7.45	0.9978092217506159	-0.0018114916676791378	-0.0018114916676791426	1.000077128695124
7.5	0.9980498143578984	-0.0016868953595077785	-0.00168689535950778	1.0000765610287388
7.550000000000001	0.9982888537245653	-0.0014399008389014275	-0.001439900838901429	1.0000577095697847
7.6000000000000005	0.9985260161794356	-0.0010920635379197457	-0.0010920635379197468	1.0000256724149241
7.65	0.99876101599232	-0.000671859218004574	-0.0006718592180045764	0.9999885293941897
7.7	0.9989935336594195	-0.00021238595458397466	-0.0002123859545839762	0.9999553163176095
7.75	0.9992231629360244	0.00025120933514547297	0.00025120933514547215	0.999933838744
7.800000000000001	0.9994493910321814	0.0006843801798568467	0.0006843801798568467	0.9999288512835441
7.8500000000000005	0.9996716161181984	0.0010557112175421175	0.0010557112175421188	0.9999410229823413
7.9	0.999889195380674	0.0013391533118980734	0.0013391533118980751	0.999966908449696
7.95	1.0001015084572444	0.0015158123827506218	0.0015158123827506236	0.9999998989717909
8.0	1.0003080174115586	0.0015751741266742825	0.0015751741266742825	1.0000318966940143
8.05	1.000508306295823	0.001515686086459823	0.0015156860864598246	1.0000552914570593
8.1	1.0007020899958528	0.0013446640500383562	0.0013446640500383593	1.0000647605031918
8.15	1.0008891913557787	0.0010775400000895001	0.001077540000089503	1.0000584675546236
8.200000000000001	1.001069494749081	0.0007365199919823137	0.0007365199919823137	1.0000383936120218
8.25	1.0012428906557747	0.0003487667609103041	0.0003487667609103034	1.0000097473351257
8.3	1.001409227693255	-5.574235767679132e-5	-5.574235767678844e-5	0.9999796243610749
8.35	1.0015682855945922	-0.0004465107103065459	-0.000446510710306543	0.9999552586840206
8.4	1.0017197759272718	-0.0007947946268924451	-0.0007947946268924423	0.9999422951212892
8.450000000000001	1.0018633690224126	-0.0010756864473156975	-0.001075686447315699	0.9999434927582362
8.5	1.0019987381136526	-0.0012698630720852835	-0.0012698630720852835	0.9999581537794406
8.55	1.0021256071577826	-0.001364883580673939	-0.001364883580673939	0.9999823911245376
8.6	1.002243788369035	-0.0013559533271363844	-0.0013559533271363842	1.000010146581807
8.65	1.0023531990771384	-0.0012461096108730943	-0.0012461096108730943	1.0000346959550335
8.700000000000001	1.0024538539163452	-0.0010458247292149554	-0.0010458247292149541	1.0000502699197489
8.75	1.002545835619835	-0.000772064522674302	-0.0007720645226743026	1.0000534018620812
8.8	1.0026292537078563	-0.0004468816124947909	-0.00044688161249479175	1.0000436894523737
8.85	1.0027042034335376	-9.56583202542755e-5	-9.565832025427415e-5	1.000023804916016
8.9	1.0027707367175582	0.0002548596096560133	0.0002548596096560133	0.9999987726698549
8.950000000000001	1.0028288528043015	0.0005785841474432869	0.0005785841474432875	0.9999747070802286
9.0	1.0028785103187028	0.0008520074320130735	0.000852007432013075	0.9999573260205924
9.05	1.002919656143656	0.001055885537846579	0.001055885537846579	0.9999505999112384
9.1	1.0029522618883464	0.0011765669170144411	0.0011765669170144398	0.9999558532607838
9.15	1.0029763569370185	0.0012068786940633062	0.0012068786940633062	0.9999715194732554
9.200000000000001	1.0029920485292323	0.001146517458651959	0.0011465174586519577	0.9999935895528741
9.25	1.0029995234604032	0.0010019264970747839	0.0010019264970747826	1.0000166300847795
9.3	1.0029990315062942	0.0007856773369081631	0.0007856773369081625	1.0000351142310084
9.35	1.0029908559314966	0.0005154087291898384	0.000515408729189839	1.0000447415180806
9.4	1.002975279940617	0.00021240867762398216	0.00021240867762398216	1.0000434326130927
9.450000000000001	1.0029525587310861	-0.00010004807078279735	-0.00010004807078279751	1.0000317701121226
9.5	1.0029229047810122	-0.00039847668409169815	-0.00039847668409169875	1.0000127938969623
9.55	1.0028864898537149	-0.0006609359189559807	-0.0006609359189559832	0.9999912157618099
9.600000000000001	1.002843462215471	-0.000868626956302272	-0.0008686269563022744	0.9999722548326849
9.65	1.0027939732266293	-0.0010072217519314897	-0.001007221751931492	0.9999603805015013
9.700000000000001	1.0027382050051712	-0.0010678298100747425	-0.0010678298100747425	0.9999582643006337
9.75	1.0026763909017378	-0.0010475420308180424	-0.0010475420308180424	0.9999661849458906
9.8	1.002608822942116	-0.0009495223590919024	-0.0009495223590919061	0.9999820172813279
9.850000000000001	1.0025358443893602	-0.0007826503057924875	-0.0007826503057924906	1.0000017942909645
9.9	1.0024578299414488	-0.0005607486412414297	-0.000560748641241431	1.0000206956008675
9.950000000000001	1.0023751595462127	-0.00030145948582806643	-0.00030145948582806464	1.00003421772712
10.0	1.0022881934227732	-2.4857116907346013e-5	-2.4857116907345417e-5	1.0000392431683873
10.05	1.002197255234111	0.00024809495450363767	0.00024809495450363827	1.0000347553403097
10.100000000000001	1.002102627727639	0.000497123909426138	0.0004971239094261386	1.0000220360843346
10.15	1.0020045613846307	0.0007041443898190022	0.000704144389819004	1.0000043095477193
10.200000000000001	1.001903292834934	0.0008545607433424103	0.0008545607433424103	0.999985929382536
10.25	1.0017990670998573	0.0009382813594939046	0.0009382813594939034	0.9999713132884858
10.3	1.001692156860148	0.0009503765769681891	0.0009503765769681902	0.999963884816764
10.350000000000001	1.0015828730815919	0.0008913404652401725	0.0008913404652401737	0.9999652749521087
10.4	1.0014715640556209	0.0007669467895200151	0.0007669467895200146	0.9999749686495757
10.450000000000001	1.0013586033756687	0.0005877185286592494	0.0005877185286592483	0.9999904716402173
10.5	1.0012443705472516	0.0003680570028041028	0.0003680570028041034	1.000007947348306
10.55	1.0011292299202263	0.00012509993504570687	0.00012509993504570687	1.0000231626169283
10.600000000000001	1.001013513908367	-0.00012260347018611594	-0.0001226034701861154	1.0000325101637482
10.65	1.000897515006457	-0.0003564994505741881	-0.00035649945057418926	1.00003386148888
10.700000000000001	1.0007814884093043	-0.0005594120474593074	-0.0005594120474593086	1.000027048943283
10.75	1.000665663907308	-0.0007167971658211353	-0.0007167971658211358	1.0000138682280841
10.8	1.0005502631024328	-0.0008177760116112268	-0.000817776011611228	0.999997609719453
10.850000000000001	1.0004355166025014	-0.0008558745865759041	-0.0008558745865759041	0.9999822400025676
10.9	1.000321676066205	-0.000829420413220676	-0.0008294204132206771	0.999971436645688
10.950000000000001	1.0002090176616767	-0.0007415749730777357	-0.0007415749730777368	0.9999677105295117
11.0	1.0000978361205752	-0.0006000078540683547	-0.0006000078540683547	0.9999718245585045
11.05	0.9999884313248216	-0.00041624424559001265	-0.00041624424559001156	0.9999826426569867
11.100000000000001	0.9998810914560735	-0.00020473980741766304	-0.00020473980741766304	0.9999974374746077
11.15	0.9997760775921908	1.824482239054793e-5	1.824482239054793e-5	1.0000125748523716
11.200000000000001	0.9996736140499959	0.0002358842663555326	0.0002358842663555342	1.0000244041610706
11.25	0.9995738869681956	0.00043205014708236816	0.0004320501470823695	1.0000301370081486
11.3	0.99947705116036	0.0005925000396284826	0.0005925000396284837	1.0000285031236547
11.350000000000001	0.9993832428796987	0.0007059055051285881	0.0007059055051285881	1.0000200293055097
11.4	0.9992925945147778	0.0007646443596412348	0.0007646443596412365	1.0000068806910876
11.450000000000001	0.9992052468235907	0.0007653017357928652	0.0007653017357928664	0.999992310184811
11.5	0.9991213551899683	0.0007088481123905402	0.0007088481123905423	0.999979855552132
11.55	0.9990410882504309	0.0006004878954747802	0.0006004878954747813	0.9999724820212847
11.600000000000001	0.9989646195144861	0.00044919692383069306	0.00044919692383069257	0.9999718778103577
11.65	0.9988921146138756	0.00026698949972021646	0.0002669894997202157	0.9999780695034266
11.700000000000001	0.9988237179954451	6.797392389361173e-5	6.797392389361071e-5	0.9999894443581793
11.75	0.9987595429087968	-0.0001327306949833933	-0.0001327306949833938	1.0000031672897973
11.8	0.9986996674635212	-0.0003201348431051203	-0.000320134843105123	1.000015885522078
11.850000000000001	0.9986441376890507	-0.00048049142698186923	-0.0004804914269818697	1.0000245463281197
11.9	0.9985929764791884	-0.0006022988377834556	-0.0006022988377834586	1.0000271287431957
11.950000000000001	0.9985461956424266	-0.0006771207763448152	-0.0006771207763448186	1.000023113995687
12.0	0.9985038074773486	-0.0007001638809758407	-0.0007001638809758428	1.0000135852991134
12.05	0.9984658325553017	-0.0006705735195321824	-0.0006705735195321845	1.000000939036094
12.100000000000001	0.9984323016094474	-0.0005914304880523217	-0.0005914304880523236	0.9999882836506031
12.15	0.9984032512148159	-0.00046945462187249876	-0.00046945462187249925	0.9999786767731972
12.200000000000001	0.9983787147602652	-0.0003144432919272495	-0.00031444329192725	0.9999743875833133
12.25	0.9983587115327821	-0.00013849165693757788	-0.00013849165693757826	0.9999763620625255
12.3	0.9983432371931406	4.4943784468244676e-5	4.49437844682448e-5	0.9999840167732836
12.350000000000001	0.9983322584170665	0.00022206693341045498	0.00022206693341045498	0.9999954054412118
12.4	0.9983257131859369	0.0003797728879199373	0.0003797728879199373	1.0000077119809292
12.450000000000001	0.9983235165332383	0.0005066118742417195	0.0005066118742417204	1.000017945584199
12.5	0.9983255699837775	0.0005936158905155595	0.0005936158905155615	1.000023666646082
12.55	0.9983317719121727	0.0006349282391236426	0.0006349282391236455	1.0000235675093012
12.600000000000001	0.9983420258715232	0.0006281913562783796	0.0006281913562783806	1.0000177698807566
12.65	0.9983562446285335	0.0005746671971397819	0.0005746671971397833	1.0000077715707516
12.700000000000001	0.9983743489626984	0.00047908531744805203	0.00047908531744805295	0.9999960612423314
12.75	0.9983962618404759	0.00034923476567864616	0.0003492347656786482	0.9999854999505116
12.8	0.998421899901713	0.0001953350230064108	0.00019533502300641105	0.999978623015043
12.850000000000001	0.9984511649171659	2.9236924489301667e-5	2.9236924489301898e-5	0.9999770323822357
12.9	0.9984839378035244	-0.0001364842401741662	-0.00013648424017416666	0.9999810248138848
12.950000000000001	0.9985200769631108	-0.0002894748486550065	-0.00028947484865500647	0.9999895417925301
13.0	0.9985594214102594	-0.00041851819440745784	-0.00041851819440745833	1.000000447911898
13.05	0.9986017977475001	-0.0005143520111357418	-0.0005143520111357435	1.0000110650907705
13.100000000000001	0.9986470289688973	-0.0005703291833123477	-0.000570329183312349	1.0000188293079486
13.15	0.998694942599957	-0.0005828744859327803	-0.0005828744859327808	1.0000219090347586
13.200000000000001	0.9987453759513528	-0.0005517057010167865	-0.0005517057010167883	1.0000196363334133
13.25	0.9987981771688624	-0.0004798055250797421	-0.00047980552507974344	1.0000126493099752
13.3	0.998853202023247	-0.00037314987122780396	-0.00037314987122780445	1.0000027161675766
13.350000000000001	0.9989103076239867	-0.00024021676632005555	-0.00024021676632005734	0.9999922887309395
13.4	0.9989693450995143	-9.131634900660974e-5	-9.131634900661018e-5	0.9999838980184432
13.450000000000001	0.9990301535255948	6.220488242285754e-5	6.220488242285776e-5	0.999979540730709
13.5	0.999092556952698	0.0002088242835572636	0.0002088242835572636	0.9999802051474183
13.55	0.9991563654283446	0.0003377031019344562	0.00033770310193445715	0.9999856486833807
13.600000000000001	0.9992213797244083	0.0004394830163109381	0.000439483016310939	0.999994476676514
13.65	0.9992873984121874	0.0005069614699789705	0.0005069614699789708	1.0000044984270275
13.700000000000001	0.9993542252849104	0.0005355975575307778	0.0005355975575307791	1.000013269944619
13.75	0.9994216750821926	0.000523813008379734	0.0005238130083797354	1.0000186891911613
13.8	0.9994895760204389	0.00047306820648644057	0.000473068206486441	1.0000194990237943
13.850000000000001	0.9995577686017169	0.00038771020615009877	0.000387710206150099	1.0000155776466564
13.9	0.9996261012684583	0.0002746070497856943	0.00027460704978569576	1.0000079497185936
13.950000000000001	0.9996944243702467	0.00014259886915671675	0.00014259886915671756	0.9999985199704293
14.0	0.9997625843556367	1.8097963923036936e-6	1.8097963923045446e-6	0.9999895983215373
14.05	0.9998304199791206	-0.0001371255344384951	-0.00013712553443849532	0.9999833347715346
14.100000000000001	0.9998977616734663	-0.00026386182350588707	-0.00026386182350588707	0.9999812021523152
14.15	0.9999644342819831	-0.0003691095284820075	-0.0003691095284820083	0.9999836509247888
14.200000000000001	1.0000302623604935	-0.00044531178523210763	-0.00044531178523210806	0.9999900165885597
14.25	1.0000950765311885	-0.0004871832180846697	-0.00048718321808467014	0.9999986979881702
14.3	1.000158719103524	-0.0004920727123647522	-0.0004920727123647518	1.00000755914024
14.350000000000001	1.000221047435299	-0.0004601254258346292	-0.00046012542583462963	1.0000144540028162
14.4	1.0002819342013667	-0.00039423426899828554	-0.00039423426899828635	1.000017745472916
14.450000000000001	1.0003412646549104	-0.00029978683483909273	-0.0002997868348390936	1.0000166932611603
14.5	1.000398931834559	-0.0001842291482679245	-0.000184229148267925	1.0000116189116677
14.55	1.000454831238168	-5.648134997980165e-5	-5.648134997980206e-5	1.0000038115497814
14.600000000000001	1.0005088565934475	7.374869880079726e-5	7.374869880079644e-5	0.9999952012175668
14.65	1.0005608979872072	0.00019670085489352802	0.00019670085489352783	0.9999878824213003
14.700000000000001	1.0006108428893696	0.00030329141819329246	0.00030329141819329165	0.9999836053767206
14.75	1.00065857974635	0.0003857810094386912	0.0003857810094386912	0.9999833583331877
14.8	1.0007040030752699	0.00043833304266052513	0.00043833304266052475	0.9999871403894207
14.850000000000001	1.0007470185781788	0.00045742311941150216	0.0004574231194115026	0.9999939766882393
14.9	1.000787546824314	0.0004420711204156966	0.0004420711204156966	1.0000021686230718
14.950000000000001	1.0008255244982232	0.00039388100870865105	0.0003938810087086518	1.0000097151230023
15.0	1.0008609029406461	0.0003168875762089333	0.0003168875762089335	1.0000148007542147
15.05	1.0008936444986947	0.00021722366266451715	0.00021722366266451756	1.0000162317623886
15.100000000000001	1.0009237178209942	0.00010263473506406197	0.00010263473506406232	1.0000137154697195
15.15	1.0009510935060753	-1.8120943294537038e-5	-1.8120943294536645e-5	1.00000791780608
15.200000000000001	1.0009757413676816	-0.00013594000501342186	-0.0001359400050134213	1.0000002883336412
15.25	1.0009976300716426	-0.00024205843046943093	-0.00024205843046943133	0.9999926984784041
15.3	1.0010167291835483	-0.00032870121653627294	-0.00032870121653627294	0.999986983130025
15.350000000000001	1.001033012958692	-0.0003896492836902972	-0.0003896492836902972	0.9999844977469192
15.4	1.0010464647115105	-0.00042068272275164463	-0.00042068272275164577	0.9999857976723364
15.450000000000001	1.0010570804588916	-0.0004198693438141315	-0.00041986934381413153	0.99999051529687
15.5	1.0010648707722754	-0.00038767930314850384	-0.0003876793031485046	0.9999974618864299
15.55	1.0010698603174226	-0.0003269195168610117	-0.00032691951686101244	1.0000049263344266
15.600000000000001	1.001072085242349	-0.00024249480574269983	-0.0002424948057427006	1.0000110959800232
15.65	1.0010715891918875	-0.00014101542034794905	-0.00014101542034794905	1.0000144961889506
15.700000000000001	1.0010684191035222	-3.028189359538673e-5	-3.0281893595386753e-5	1.0000143422398684
15.75	1.0010626219699583	8.131282468225178e-5	8.13128246822515e-5	1.0000107196597585
15.8	1.00105424343868	0.0001854180714758697	0.0001854180714758697	1.0000045517363525
15.850000000000001	1.0010433285578941	0.0002743488423150927	0.0002743488423150927	0.9999973649447838
15.9	1.0010299243415572	0.000341651197267197	0.00034165119726719623	0.9999909117329974
15.950000000000001	1.0010140833012513	0.00038256821731111335	0.000382568217311113	0.9999867437648764
16.0	1.0009958668296506	0.000394373222649874	0.0003943732226498747	0.9999858394031025
16.05	1.000975347388866	0.00037654741135373495	0.00037654741135373387	0.9999883746945081
16.1	1.0009526088284657	0.000330790897554563	0.00033079089755456336	0.9999936912781174
16.150000000000002	1.0009277447166423	0.00026086846698310896	0.0002608684669831093	1.0000004664048825
16.2	1.0009008551468042	0.0001723034260334322	0.00017230342603343258	1.0000070414046731
16.25	1.0008720429122586	7.194394400780667e-5	7.194394400780667e-5	1.0000118272194505
16.3	1.000841410102024	-3.256445805202193e-5	-3.256445805202203e-5	1.0000136879967876
16.35	1.000809056020934	-0.00013335983451902322	-0.00013335983451902384	1.0000122102402529
16.400000000000002	1.0007750769279118	-0.0002229539992665671	-0.0002229539992665675	1.0000077938156726
16.45	1.0007395675431152	-0.0002947875226494574	-0.0002947875226494582	1.0000015449983408
16.5	1.0007026237591672	-0.00034370830344447855	-0.00034370830344447855	0.9999949999023157
16.55	1.0006643456537339	-0.0003663388684405842	-0.0003663388684405839	0.999989747326913
16.6	1.0006248398343638	-0.0003613065036074462	-0.0003613065036074466	0.9999870435206698
16.650000000000002	1.0005842203643711	-0.0003293210049166843	-0.00032932100491668537	0.9999875121533658
16.7	1.0005426079498314	-0.0002730963598763135	-0.00027309635987631344	0.9999910010234363
16.75	1.0005001275818242	-0.0001971241815311598	-0.0001971241815311591	0.9999966282666851
16.8	1.000456905273312	-0.000107317457530684	-0.00010731745753068364	1.0000030046330475
16.85	1.0004130647788163	-1.0552481080681193e-5	-1.055248108068084e-5	1.0000085759817812
16.900000000000002	1.0003687251697306	8.585589958334309e-5	8.585589958334362e-5	1.0000120016978142
16.95	1.00032399986909	0.00017470586898138968	0.0001747058689813902	1.0000124769801935
17.0	1.0002789973111517	0.00024944549126939517	0.00024944549126939625	1.0000099215725324
17.05	1.0002338229147283	0.00030465469019884487	0.00030465469019884525	1.0000049907354234
17.1	1.0001885816848186	0.00033643680692055925	0.00033643680692055995	0.9999989078486229
17.150000000000002	1.0001433805914997	0.00034269148735589056	0.00034269148735589165	0.9999931612763698
17.2	1.0000983299617314	0.00032325003337476467	0.000323250033374765	0.9999891405317122
17.25	1.000053543427277	0.00027986497278704997	0.00027986497278705035	0.999987800603947
17.3	1.000009136405338	0.00021605657733545297	0.00021605657733545297	0.9999894354514781
17.35	0.9999652235185517	0.0001368295631594047	0.00013682956315940384	0.9999936142887607
17.400000000000002	0.9999219156626543	4.828254373797441e-5	4.828254373797475e-5	0.9999992942669671
17.45	0.9998793175187636	-4.285960222444025e-5	-4.285960222444093e-5	1.0000050802780749
17.5	0.9998375261619526	-0.00012975490253457644	-0.00012975490253457728	1.0000095672866935
17.55	0.9997966310862052	-0.00020595665366064924	-0.0002059566536606501	1.0000116812784294
17.6	0.9997567155484793	-0.00026589064768719936	-0.00026589064768720006	1.0000109361353215
17.650000000000002	0.9997178587550207	-0.0003052618584098778	-0.00030526185840987837	1.000007545024155
17.7	0.9996801381811408	-0.0003213608249066201	-0.0003213608249066201	1.0000023608565771
17.75	0.9996436312957596	-0.00031324789724192714	-0.0003132478972419278	0.9999966621559971
17.8	0.9996084161552394	-0.00028180303822526726	-0.00028180303822526726	0.9999918380179893
17.85	0.9995745706759934	-0.00022963918059733184	-0.0002296391805973315	0.9999890497427064
17.900000000000002	0.9995421707880137	-0.00016088736608348172	-0.0001608873660834819	0.9999889515047926
17.95	0.9995112879962172	-8.087126643898976e-5	-8.087126643898976e-5	0.9999915371802289
18.0	0.9994819870404443	4.303425319877975e-6	4.303425319878471e-6	0.999996149107546
18.05	0.9994543243040741	8.821332030089631e-5	8.821332030089664e-5	1.000001644896994
18.1	0.9994283473920477	0.00016460034296582722	0.0001646003429658267	1.0000066801040781
18.150000000000002	0.9994040959524244	0.00022783730362643524	0.0002278373036264359	1.0000100369099225
18.2	0.9993816034548482	0.0002733414609391278	0.00027334146093912815	1.0000109185054726
18.25	0.9993608993699044	0.0002979056276700714	0.00029790562767007206	1.0000091380379479
18.3	0.9993420110918616	0.0002999228187498479	0.00029992281874984856	1.0000051573411297
18.35	0.9993249650398542	0.0002794887204304921	0.00027948872043049276	0.9999999676566894
18.400000000000002	0.9993097866279061	0.00023837569095594945	0.00023837569095594945	0.9999948430454386
18.45	0.9992964991342649	0.0001798817870504542	0.00017988178705045452	0.9999910277920053
18.5	0.9992851218241212	0.00010856763903986193	0.00010856763903986216	0.999989434464284
18.55	0.9992756678929997	2.990215690281933e-5	2.990215690281929e-5	0.99999042584799
18.6	0.9992681428412147	-5.0155515408012076e-5	-5.0155515408012314e-5	0.9999937327996312
18.650000000000002	0.9992625437541163	-0.00012560605089674534	-0.00012560605089674567	0.9999985264940675
18.7	0.9992588596917582	-0.00019085825264678454	-0.00019085825264678486	1.000003625859847
18.75	0.9992570730669454	-0.00024114231983082902	-0.00024114231983082964	1.0000077883705611
18.8	0.9992571616079571	-0.00027285759802494347	-0.0002728575980249438	1.0000100126524505
18.85	0.9992591003430857	-0.00028382943041654543	-0.0002838294304165461	1.000009779238803
18.900000000000002	0.999262863052383	-0.0002734567249627523	-0.0002734567249627523	1.0000071716055279
18.95	0.9992684228018164	-0.0002427402505382697	-0.00024274025053827003	1.0000028493447966
19.0	0.9992757514535597	-0.00019419080141098787	-0.0001941908014109885	0.9999978815961911
19.05	0.999284818349696	-0.00013162546542860802	-0.00013162546542860843	0.9999934827503424
19.1	0.9992955886061126	-5.986854928597562e-5	-5.98685492859759e-5	0.999990715736228
19.150000000000002	0.9993080215601703	1.5619387734044376e-5	1.5619387734044335e-5	0.9999902353540375
19.200000000000003	0.9993220698617058	8.915593534505878e-5	8.915593534505894e-5	0.9999921335778624
19.25	0.9993376795011665	0.0001552633884713222	0.00015526338847132265	0.9999959232989077
19.3	0.9993547907913405	0.00020907565299933733	0.00020907565299933763	1.0000006629592533
19.35	0.9993733400425977	0.0002466954554514353	0.0002466954554514359	1.0000051902809157
19.400000000000002	0.9993932614763671	0.0002654757217053213	0.0002654757217053222	1.0000084071294972
19.450000000000003	0.9994144888629557	0.00026420480036682445	0.00026420480036682504	1.0000095457338476
19.5	0.9994369564621586	0.0002431825302537026	0.0002431825302537029	1.0000083517458598
19.55	0.9994605990585197	0.0002041824600634818	0.00020418246006348193	1.000005140525467
19.6	0.9994853511528756	0.00015030417373740175	0.00015030417373740267	1.000000714332786
19.650000000000002	0.999511145618005	8.572795089906416e-5	8.572795089906477e-5	0.999996162069734
19.700000000000003	0.9995379122773818	1.5391220129070132e-5	1.5391220129070132e-5	0.9999925915333961
19.75	0.9995655768799551	-5.538811894311592e-5	-5.5388118943115996e-5	0.9999908599919489
19.8	0.9995940608193999	-0.00012131280874154222	-0.00012131280874154237	0.9999913685657605
19.85	0.9996232817225483	-0.00017750165991813337	-0.00017750165991813337	0.9999939696682756
19.900000000000002	0.999653154776057	-0.00021984995833494036	-0.00021984995833494066	0.9999980087621849
19.950000000000003	0.9996835944478932	-0.0002453284104301892	-0.0002453284104301892	1.0000024888404804
20.0	0.9997145161519825	-0.0002521989494127803	-0.0002521989494127806	1.0000063163630224
20.05	0.9997458374298549	-0.0002401320411163465	-0.00024013204111634738	1.0000085680296014
20.1	0.9997774783723476	-0.00021021756994931017	-0.00021021756994931047	1.000008713343067
20.150000000000002	0.9998093612314539	-0.00016486942168723667	-0.0001648694216872371	1.000006739342536
20.200000000000003	0.999841409409532	-0.00010763189699329479	-0.0001076318969932953	1.000003148233997
20.25	0.9998735461907258	-4.2903442501827266e-5	-4.2903442501827714e-5	0.9999988298574084
20.3	0.9999056936469304	2.4400725396397603e-5	2.4400725396397457e-5	0.999994841332663
20.35	0.9999377720903663	8.922118368836142e-5	8.922118368836112e-5	0.9999921484291293
20.400000000000002	0.9999697002769417	0.0001467338320187439	0.00014673383201874363	0.9999913918999459
20.450000000000003	1.000001396340373	0.00019270802014823555	0.00019270802014823555	0.9999927352618317
20.5	1.0000327792229373	0.00022381684568730664	0.0002238168456873069	0.9999958301099141
20.55	1.000063770227059	0.00023787701978566708	0.00023787701978566738	0.9999999061378867
20.6	1.0000942942825415	0.00023400110871725052	0.0002340011087172508	1.0000039626885886
20.650000000000002	1.000124280613531	0.0002126515752429977	0.000212651575242998	1.000007014255295
20.700000000000003	1.0001536626689984	0.00017559341376281718	0.00017559341376281748	1.0000083297455513
20.75	1.0001823773965162	0.00012574977725170457	0.00012574977725170528	1.0000076074523867
20.8	1.0002103641276676	6.697226152412295e-5	6.697226152412273e-5	1.0000050438940018
20.85	1.0002375634498941	3.743867211619595e-6	3.743867211619881e-6	1.0000012809037342
20.900000000000002	1.0002639164344818	-5.916241568538926e-5	-5.916241568538912e-5	0.9999972450975831
20.950000000000003	1.0002893644771882	-0.00011704335307838021	-0.00011704335307838064	0.9999939198422264
21.0	1.000313849822022	-0.00016561642966128818	-0.00016561642966128818	0.9999921058116826
21.05	1.000337316635582	-0.00020133591699929732	-0.00020133591699929762	0.999992228391404
21.1	1.000359712338852	-0.0002216508550133837	-0.0002216508550133837	0.9999942381980884
21.150000000000002	1.0003809888314144	-0.00022518632285191967	-0.00022518632285191967	0.9999976279015175
21.200000000000003	1.0004011032789668	-0.00021183522961117722	-0.0002118352296111778	1.0000015600757275
21.25	1.000420018266312	-0.00018275457802401337	-0.00018275457802401367	1.00000507391903
21.3	1.0004377013045451	-0.0001402672824560482	-0.0001402672824560482	1.000007319862636
21.35	1.0004541238675575	-8.767765733867662e-5	-8.767765733867683e-5	1.0000077648210766
21.400000000000002	1.0004692602647811	-2.9015114979433905e-5	-2.9015114979434044e-5	1.0000063185296528
21.450000000000003	1.0004830866967602	3.127407948035304e-5	3.127407948035269e-5	1.0000033510690869
21.5	1.0004955807777627	8.866338504098648e-5	8.866338504098606e-5	0.9999995984057076
21.55	1.0005067216652936	0.0001388853691418324	0.00013888536914183198	0.999995980007778
21.6	1.0005164907538544	0.00017824844405330356	0.00017824844405330383	0.9999933737078495
21.650000000000002	1.000524872723658	0.00020390750381072317	0.0002039075038107235	0.9999924029025966
21.700000000000003	1.000531856632639	0.00021406873715726658	0.00021406873715726658	0.9999932876288569
21.75	1.000537436730746	0.0002081140113340062	0.00020811401133400594	0.9999957950367669
21.8	1.0005416127600184	0.00018663632863568473	0.00018663632863568445	0.9999993003127561
21.85	1.0005443896560557	0.00015138450982541278	0.00015138450982541332	1.0000029421990841
21.900000000000002	1.0005457767404684	0.0001051219951722236	0.0001051219951722236	1.0000058344519385
21.950000000000003	1.0005457866386334	5.141100734091068e-5	5.141100734091058e-5	1.0000072813644563
22.0	1.0005444342308154	-5.661169609822596e-6	-5.661169609822613e-6	1.0000069449753786
22.05	1.0005417359271416	-6.179279844481927e-5	-6.179279844481934e-5	1.0000049238027293
22.1	1.0005377094547894	-0.00011279155747805035	-0.00011279155747805035	1.0000017248069406
22.150000000000002	1.000532374190436	-0.0001548872432500536	-0.00015488724325005333	0.9999981363973207
22.200000000000003	1.0005257519089144	-0.00018500996638308792	-0.0001850099663830882	0.9999950342604698
22.25	1.0005178676976756	-0.00020101335518127862	-0.00020101335518127837	0.9999931678032788
22.3	1.00050875074081	-0.00020182663972629792	-0.00020182663972629738	0.9999929792555582
22.35	1.0004984347179782	-0.0001875249756410081	-0.0001875249756410081	0.9999944990560788
22.400000000000002	1.0004869576789759	-0.0001593135477767015	-0.00015931354777670126	0.9999973422215217
22.450000000000003	1.0004743614086522	-0.00011942741739519734	-0.00011942741739519761	1.0000008056599943
22.5	1.0004606904439768	-7.095529527835952e-5	-7.095529527835986e-5	1.0000040418870768
22.55	1.0004459910023564	-1.7601009621597982e-5	-1.7601009621597918e-5	1.0000062662688523
22.6	1.0004303101002763	3.6599005583311563e-5	3.659900558331163e-5	1.0000069471475885
22.650000000000002	1.0004136950795202	8.758069349889163e-5	8.758069349889188e-5	1.0000059328030297
22.700000000000003	1.000396193634044	0.00013155677150816393	0.00013155677150816393	1.0000034849509811
22.75	1.000377854281452	0.00016529770501143867	0.00016529770501143908	1.0000002114615767
22.8	1.0003587270930339	0.00018636839272759726	0.00018636839272759726	0.9999969155402242
22.85	1.0003388644231048	0.0001933032483208756	0.00019330324832087588	0.99999439876472
22.900000000000002	1.0003183213824431	0.00018570718021061855	0.00018570718021061855	0.999993266251744
22.950000000000003	1.000297155879256	0.00016427565077435695	0.00016427565077435684	0.9999937812782808
23.0	1.000275428180088	0.0001307330894248068	0.0001307330894248068	0.9999958042512422
23.05	1.0002532000837683	8.769499196127307e-5	8.769499196127307e-5	0.9999988301257364
23.1	1.0002305339126432	3.846463867691428e-5	3.846463867691402e-5	1.0000021143370712
23.150000000000002	1.0002074915750032	-1.3219875651843254e-5	-1.3219875651843254e-5	1.000004855890396
23.200000000000003	1.000184133927314	-6.346901670934521e-5	-6.346901670934516e-5	1.0000063926210634
23.25	1.00016052057333	-0.00010853415373478425	-0.00010853415373478438	1.0000063610488301
23.3	1.0001367101071732	-0.0001450868932909489	-0.00014508689329094913	1.0000047822475326
23.35	1.0001127606777318	-0.00017046455687787254	-0.00017046455687787267	1.0000020534634855
23.400000000000002	1.000088730660184	-0.00018286367642460973	-0.00018286367642461	0.999998848311059
23.450000000000003	1.0000646791932315	-0.00018146746950145458	-0.00018146746950145458	0.9999959505895599
23.5	1.0000406663845884	-0.00016649836724467006	-0.00016649836724467058	0.9999940626994821
23.55	1.0000167530882815	-0.00013919238048491346	-0.0001391923804849137	0.9999936354655949
23.6	0.9999930002848918	-0.00010169795300288287	-0.00010169795300288287	0.9999947605727161
23.650000000000002	0.9999694682121998	-5.690753043481586e-5	-5.690753043481573e-5	0.9999971512512563
23.700000000000003	0.999946215465045	-8.234979325393718e-6	-8.23497932539334e-6	1.0000002151820258
23.75	0.9999232982895113	4.064410719625743e-5	4.064410719625756e-5	1.0000032011349804
23.8	0.9999007702370211	8.606954674149896e-5	8.60695467414989e-5	1.0000053830730795
23.85	0.9998786822370926	0.00012467030091074775	0.00012467030091074788	1.0000062366258435
23.900000000000002	0.9998570830253427	0.00015361433643594052	0.00015361433643594076	1.0000055650492354
23.950000000000003	0.9998360197617749	0.00017081606903303343	0.00017081606903303367	1.0000035444220596
24.0	0.9998155386228665	0.0001750861739758694	0.00017508617397586979	1.0000006777312505
24.05	0.9997956851636843	0.00016621302058019674	0.000166213020580197	0.9999976697636356
24.1	0.9997765043184359	0.00014497023964289016	0.0001449702396428904	0.9999952539040315
24.150000000000002	0.9997580400173682	0.00011305053578620618	0.00011305053578620606	0.9999940133902402
24.200000000000003	0.9997403345120863	7.293136946695534e-5	7.293136946695552e-5	0.9999942405730751
24.25	0.9997234275867382	2.7683145449374884e-5	2.768314544937476e-5	0.9999958681229345
24.3	0.9997073558646318	-1.9265294586864708e-5	-1.9265294586865074e-5	0.9999984883418898
24.35	0.9996921523902222	-6.438604396016552e-5	-6.438604396016552e-5	1.0000014551725485
24.400000000000002	0.9996778465847426	-0.0001043168271227434	-0.0001043168271227434	1.0000040434138546
24.450000000000003	0.9996644645646807	-0.0001361112114417913	-0.00013611121144179155	1.0000056259295902
24.5	0.9996520297082283	-0.00015745572499847586	-0.00015745572499847624	1.0000058255599173
24.55	0.9996405632859957	-0.00016683786212375344	-0.00016683786212375368	1.0000046049435083
24.6	0.9996300849583506	-0.00016365275702407184	-0.00016365275702407233	1.0000022728693705
24.650000000000002	0.9996206129858386	-0.0001482410199209182	-0.0001482410199209187	0.9999994062804077
24.700000000000003	0.9996121640874817	-0.00012185548293502098	-0.00012185548293502147	0.9999967076051718
24.75	0.9996047529877073	-8.655997167886341e-5	-8.655997167886359e-5	0.999994832686939
24.8	0.9995983917849695	-4.506828103325915e-5	-4.506828103325915e-5	0.9999942314509974
24.85	0.9995930893269889	-5.359111655314384e-7	-5.359111655314086e-7	0.9999950400036102
24.900000000000002	0.9995888507745037	4.3679493475587385e-5	4.367949347558763e-5	0.9999970500188293
24.950000000000003	0.999585677479205	8.427088377825912e-5	8.427088377825947e-5	0.9999997622454188
25.0	0.9995835672095422	0.0001182287738740409	0.00011822877387404126	1.0000025104329786
25.05	0.9995825146575952	0.0001430640463286354	0.00014306404632863565	1.0000046249390755
25.1	0.9995825120809091	0.00015699011544630646	0.00015699011544630692	1.000005595856236
25.150000000000002	0.999583549897763	0.00015905110418533566	0.0001590511041853358	1.0000051959277758
25.200000000000003	0.9995856170725567	0.00014918682372116354	0.00014918682372116391	1.0000035336289879
25.25	0.9995887011937176	0.00012823016504965508	0.00012823016504965543	1.0000010240403205
25.3	0.9995927882396726	9.783764057823295e-5	9.783764057823337e-5	0.9999982852699025
25.35	0.9995978621213965	6.03588416405945e-5	6.0358841640594675e-5	0.9999959862601315
25.400000000000002	0.9996039041555965	1.865511036389766e-5	1.865511036389772e-5	0.9999946834450927
25.450000000000003	0.9996108926419304	-2.4118579127126597e-5	-2.4118579127126624e-5	0.9999946861326107
25.5	0.9996188026859737	-6.475193258040258e-5	-6.475193258040264e-5	0.9999959831614684
25.55	0.9996276063369225	-0.00010021989817273066	-0.00010021989817273078	0.9999982481983852
25.6	0.999637273017251	-0.00012790752122815164	-0.0001279075212281521	1.0000009217520676
25.650000000000002	0.999647770137766	-0.0001458024295791337	-0.00014580242957913382	1.0000033493175606
25.700000000000003	0.9996590637401318	-0.000152640801507353	-0.00015264080150735346	1.0000049415583943
25.75	0.9996711190044851	-0.00014799622191785083	-0.00014799622191785105	1.0000053173345824
25.8	0.9996839005027857	-0.00013230517233987348	-0.0001323051723398736	1.0000043948715502
25.85	0.9996973721558134	-0.00010682770310412864	-0.0001068277031041287	1.0000024092746067
25.900000000000002	0.9997114969400166	-7.354672973186652e-5	-7.354672973186675e-5	0.9999998527142625
25.950000000000003	0.999726236463785	-3.501399350502381e-5	-3.501399350502416e-5	0.999997352478763
26.0	0.9997415505698614	5.845332506319778e-6	5.845332506319664e-6	0.9999955171027216
26.05	0.9997573971112383	4.595442330908555e-5	4.595442330908544e-5	0.9999947883076181
26.1	0.9997737319954773	8.231617348826258e-5	8.231617348826269e-5	0.9999953347628847
26.150000000000002	0.9997905095129199	0.00011223681066319159	0.00011223681066319194	0.9999970131976074
26.200000000000003	0.9998076828814382	0.00013352512867796144	0.00013352512867796166	0.9999994057882158
26.25	0.9998252048784089	0.00014465265625897535	0.00014465265625897546	1.0000019241069136
26.3	0.9998430284073185	0.00014486307840049124	0.00014486307840049135	1.0000039537884808
26.35	0.9998611068680373	0.0001342230786507057	0.0001342230786507058	1.0000050043626951
26.400000000000002	0.9998793942593447	0.00011361119531383564	0.00011361119531383564	1.0000048277210902
26.450000000000003	0.9998978450217673	8.46459569906685e-5	8.464595699066855e-5	1.0000034766139099
26.5	0.99991641370465	4.9559125516535036e-5	4.955912551653481e-5	1.0000012894076937
26.55	0.9999350545914695	1.102396954590618e-5	1.1023969545905845e-5	0.9999988054064817
26.6	0.9999537214273861	-2.8048201514349857e-5	-2.804820151434963e-5	0.9999966319176008
26.650000000000002	0.9999723673606747	-6.47277464344226e-5	-6.47277464344226e-5	0.9999952958221612
26.700000000000003	0.9999909451450222	-9.628607609923942e-5	-9.628607609923932e-5	0.9999951159150299
26.75	1.0000094075721826	-0.0001203983243577647	-0.0001203983243577648	0.9999961269266046
26.8	1.0000277080370144	-0.00013531430734010057	-0.00013531430734010057	0.9999980733087062
26.85	1.000045801099055	-0.0001399852497853893	-0.00013998524978538942	1.0000004737429358
26.900000000000002	1.0000636429071321	-0.00013413713215741714	-0.00013413713215741735	1.0000027401101823
26.950000000000003	1.0000811913948464	-0.00011828554222565435	-0.00011828554222565446	1.0000043215315806
27.0	1.000098406222359	-9.369131096226327e-5	-9.369131096226327e-5	1.0000048382161797
27.05	1.0001152485136922	-6.226065360201378e-5	-6.226065360201392e-5	1.0000041726051336
27.1	1.0001316804969669	-2.6397686735861755e-5	-2.6397686735862087e-5	1.000002495952613
27.150000000000002	1.0001476651808583	1.1179271501453658e-5	1.1179271501453658e-5	1.0000002243764372
27.200000000000003	1.0001631661869372	4.764356618278349e-5	4.764356618278349e-5	0.9999979156333062
27.25	1.000178147809066	8.027263138951479e-5	8.027263138951468e-5	0.9999961322168405
27.3	1.0001925753023104	0.00010665101988831383	0.00010665101988831382	0.9999953043708951
27.35	1.0002064153354229	0.0001248489288571981	0.00012484892885719843	0.9999956263631659
27.400000000000002	1.0002196364927416	0.00013356307651832543	0.00013356307651832586	0.9999970110053434
27.450000000000003	1.0002322096972995	0.00013220969500728143	0.00013220969500728165	0.9999991130368768
27.5	1.0002441084504798	0.000120963040129258	0.00012096304012925844	1.0000014151514418
27.55	1.0002553088374277	0.00010073691445102236	0.00010073691445102247	1.0000033552500374
27.6	1.0002657893153144	7.311096329613226e-5	7.311096329613231e-5	1.0000044636335321
27.650000000000002	1.0002755303634538	4.0207624397077204e-5	4.0207624397077286e-5	1.0000044766627707
27.700000000000003	1.0002845141121417	4.529283031699525e-6	4.529283031699632e-6	1.0000033993932287
27.75	1.0002927240701707	-3.123187796086006e-5	-3.123187796085978e-5	1.0000015023201587
27.8	1.0003001450388465	-6.439687046728523e-5	-6.439687046728523e-5	0.9999992535246373
27.85	1.0003067632429512	-9.250041541020747e-5	-9.250041541020756e-5	0.999997203228574
27.900000000000002	1.0003125666435986	-0.00011347397328995398	-0.00011347397328995354	0.9999958492219482
27.950000000000003	1.0003175453436435	-0.00012579772853104926	-0.00012579772853104905	0.999995516062964
28.0	1.0003216919689626	-0.00012861040571785106	-0.00012861040571785127	0.9999962773486942
28.05	1.0003250019161447	-0.00012176903250176032	-0.00012176903250176053	0.9999979396516789
28.1	1.0003274733962704	-0.00010585454848151541	-0.00010585454848151541	1.0000000915749585
28.150000000000002	1.0003291072636604	-8.212321497538581e-5	-8.212321497538581e-5	1.0000022055083675
28.200000000000003	1.000329906680088	-5.240781712845386e-5	-5.24078171284538e-5	1.0000037669348922
28.25	1.0003298767109425	-1.8976376705365902e-5	-1.8976376705365902e-5	1.0000043996114918
28.3	1.000329023966954	1.56407642942073e-5	1.56407642942073e-5	1.0000039561790957
28.35	1.0003273563887103	4.884231288811377e-5	4.884231288811377e-5	1.0000025523900686
28.400000000000002	1.0003248832266005	7.81513625474355e-5	7.81513625474356e-5	1.0000005370257505
28.450000000000003	1.000321615209467	0.00010140001579746003	0.00010140001579746003	0.9999984052925128
28.5	1.0003175648387002	0.00011688952945451731	0.0001168895294545171	0.9999966771899321
28.55	1.000312746707387	0.00012351417372809178	0.00012351417372809167	0.9999957707156065
28.6	1.0003071777369075	0.00012083981576131708	0.0001208398157613173	0.9999959008104906
28.650000000000002	1.0003008772478674	0.00010913169454570245	0.00010913169454570233	0.9999970284600253
28.700000000000003	1.0002938668307313	8.932968209162637e-5	8.932968209162646e-5	0.9999988719852345
28.75	1.000286170039544	6.297324426412795e-5	6.297324426412769e-5	1.000000977338173
28.8	1.0002778119825202	3.208204366811456e-5	3.208204366811429e-5	1.0000028298776615
28.85	1.0002688189114453	-9.9859977658057e-7	-9.985997765806217e-7	1.0000039801244816
28.900000000000002	1.0002592179098087	-3.3775596279522734e-5	-3.377559627952278e-5	1.0000041527786312
28.950000000000003	1.0002490367483738	-6.379583874125193e-5	-6.379583874125208e-5	1.0000033125650118
29.0	1.0002383039260594	-8.882967233660758e-5	-8.88296723366078e-5	1.0000016711672286
29.05	1.0002270488586706	-0.00010703634545870136	-0.00010703634545870125	0.999999633965368
29.1	1.0002153021344877	-0.00011709916143997632	-0.00011709916143997662	0.9999976999641662
29.150000000000002	1.0002030957365982	-0.00011832042545377985	-0.00011832042545378005	0.9999963396060311
29.200000000000003	1.0001904631423895	-0.00011066937909352062	-0.00011066937909352053	0.9999958803777951
29.25	1.0001774392472735	-9.477988798086922e-5	-9.477988798086933e-5	0.9999964280153546
29.3	1.0001640601114914	-7.189842092409871e-5	-7.189842092409851e-5	0.9999978422521014
29.35	1.0001503625802344	-4.3786554853658255e-5	-4.378655485365836e-5	0.9999997726487502
29.400000000000002	1.0001363838634243	-1.2585594193385456e-5	-1.2585594193385356e-5	1.0000017453765677
29.450000000000003	1.0001221611718587	1.934633071776458e-5	1.934633071776483e-5	1.0000032794787213
29.5	1.0001077314884192	4.961232356789864e-5	4.961232356789882e-5	1.0000040040952556
29.55	1.0000931315122896	7.595650726958188e-5	7.595650726958214e-5	1.0000037480873152
29.6	1.000078397762861	9.643204368130823e-5	9.643204368130823e-5	1.0000025804059058
29.650000000000002	1.0000635667834252	0.00010954486118084214	0.00010954486118084234	1.0000007916935187
29.700000000000003	1.000048675356376	0.00011436247468204188	0.00011436247468204188	0.9999988219900054
29.75	1.0000337606396297	0.00011057998702768204	0.00011057998702768224	0.9999971525152653
29.8	1.0000188601584628	9.853863916723398e-5	9.853863916723407e-5	0.9999961881348669
29.85	1.0000040116304874	7.919586863622037e-5	7.919586863622027e-5	0.9999961592071671
29.900000000000002	0.9999892526509931	5.404946569368491e-5	5.4049465693684865e-5	0.9999970665979641
29.950000000000003	0.9999746203068094	2.5021816237134458e-5	2.502181623713431e-5	0.999998682976145
30.0	0.9999601508073095	-5.686851861857587e-6	-5.686851861857587e-6	1.000000609708194
30.05	0.9999458792154989	-3.576505178547709e-5	-3.576505178547738e-5	1.000002375128936
30.1	0.9999318393322795	-6.296386785685741e-5	-6.296386785685761e-5	1.0000035499750066
30.150000000000002	0.9999180637420342	-8.526497452127385e-5	-8.526497452127379e-5	1.0000038517379042
30.200000000000003	0.9999045839809858	-0.00010103028890043125	-0.00010103028890043155	1.0000032125720955
30.25	0.9998914307550613	-0.00010912214999220983	-0.00010912214999221024	1.0000017944382693
30.3	0.9998786341212185	-0.00010898520244365139	-0.00010898520244365139	0.9999999481297754
30.35	0.9998662235588814	-0.00010068410468279561	-0.00010068410468279561	0.9999981265334301
30.400000000000002	0.9998542278921593	-8.489454587818542e-5	-8.489454587818553e-5	0.999996773566139
30.450000000000003	0.9998426750686762	-6.28485782649719e-5	-6.284857826497184e-5	0.9999962160184406
30.5	0.9998315918437349	-3.623868037237352e-5	-3.623868037237352e-5	0.9999965846495296
30.55	0.9998210034465832	-7.088010653515065e-6	-7.088010653514821e-6	0.9999977835774732
30.6	0.9998109333108393	2.240322622677942e-5	2.240322622677976e-5	0.9999995151151533
30.650000000000002	0.9998014029322981	5.0023666413349057e-5	5.0023666413349104e-5	1.000001353643567
30.700000000000003	0.9997924318802965	7.371644938808775e-5	7.371644938808779e-5	1.0000028502021963
30.75	0.999784037944601	9.173226173157392e-5	9.173226173157417e-5	1.000003642102774
30.8	0.9997762373614419	0.00010275837502574282	0.00010275837502574311	1.0000035408082424
30.85	0.9997690450410089	0.00010601415070710568	0.00010601415070710568	1.0000025767858465
30.900000000000002	0.999762474720468	0.00010130605889040042	0.00010130605889040051	1.0000009906703635
30.950000000000003	0.999756538990555	8.903834805005833e-5	8.903834805005843e-5	0.9999991732357424
31.0	0.999751249182721	7.017886521545061e-5	7.017886521545061e-5	0.99999756914251
31.05	0.9997466151460261	4.618289832387954e-5	4.618289832387959e-5	0.9999965681654942
31.1	0.999742644976133	1.8881034694133293e-5	1.8881034694133293e-5	0.9999964105050548
31.150000000000002	0.9997393447731763	-9.66032888603289e-6	-9.660328886032961e-6	0.9999971291782055
31.200000000000003	0.9997367184970554	-3.7295215073582426e-5	-3.729521507358257e-5	0.9999985432972215
31.25	0.9997347679604814	-6.195925159994767e-5	-6.195925159994786e-5	1.0000003035489815
31.3	0.9997334929604558	-8.18237353763838e-5	-8.182373537638371e-5	1.0000019784536616
31.35	0.9997328915094671	-9.543109480228165e-5	-9.543109480228199e-5	1.0000031601105923
31.400000000000002	0.9997329601001794	-0.00010180171865602593	-0.00010180171865602641	1.0000035635204463
31.450000000000003	0.9997336939295456	-0.00010050431526126876	-0.00010050431526126905	1.0000030953016112
31.5	0.9997350870222907	-9.168474535715704e-5	-9.168474535715733e-5	1.000001875235652
31.55	0.9997371322250678	-7.605142448928841e-5	-7.60514244892886e-5	1.000000205688097
31.6	0.999739821081989	-5.4818670740066424e-5	-5.481867074006661e-5	0.9999984966973399
31.650000000000002	0.9997431436379347	-2.961252538981347e-5	-2.9612525389813503e-5	0.999997165287366
31.700000000000003	0.9997470882376893	-2.346355673216674e-6	-2.3463556732166974e-6	0.9999965337256904
31.75	0.9997516413903381	2.4924246024892344e-5	2.492424602489237e-5	0.9999967515435778
31.8	0.9997567877493599	5.015627849828406e-5	5.015627849828415e-5	0.9999977601797315
31.85	0.9997625102252823	7.14722297053749e-5	7.1472229705375e-5	0.9999993085942929
31.900000000000002	0.9997687902096399	8.729964070980496e-5	8.72996407098051e-5	1.0000010157194743
31.950000000000003	0.9997756078575263	9.648697954326045e-5	9.648697954326045e-5	1.000002464219963
32.0	0.9997829423603563	9.838729141746276e-5	9.83872914174629e-5	1.0000033024998058
32.050000000000004	0.9997907721449916	9.290354485295013e-5	9.290354485295026e-5	1.0000033300265945
32.1	0.9997990749585077	8.049249666197202e-5	8.04924966619723e-5	1.0000025452696766
32.15	0.999807827832634	6.212703333514515e-5	6.212703333514551e-5	1.000001144799324
32.2	0.9998170069579111	3.922007078294929e-5	3.922007078294939e-5	0.9999994740798975
32.25	0.9998265875243298	1.351596600744833e-5	1.3515966007448375e-5	0.9999979422690392
32.300000000000004	0.9998365435949138	-1.3042207372021698e-5	-1.3042207372021606e-5	0.9999969220332959
32.35	0.999846848068752	-3.8459420788493505e-5	-3.84594207884936e-5	0.999996658906915
32.4	0.9998574727635503	-6.0838416716916503e-5	-6.0838416716916503e-5	0.9999972122330284
32.45	0.9998683886128018	-7.852118493559307e-5	-7.852118493559317e-5	0.9999984418830278
32.5	0.9998795659395053	-9.021166489475725e-5	-9.021166489475742e-5	1.000000043698151
32.550000000000004	0.9998909747467322	-9.507061246321905e-5	-9.507061246321942e-5	1.0000016247009915
32.6	0.9999025849613743	-9.277569466560823e-5	-9.27756946656085e-5	1.0000027994858343
32.65	0.9999143665821296	-8.354250933912319e-5	-8.354250933912319e-5	1.0000032841503366
32.7	0.9999262897115866	-6.81051748814172e-5	-6.810517488141734e-5	1.0000029648793076
32.75	0.9999383244865866	-4.765817789092858e-5	-4.7658177890928764e-5	1.00000192461713
32.800000000000004	0.9999504409507536	-2.376407104182327e-5	-2.3764071041823406e-5	1.0000004215916227
32.85	0.9999626089294744	1.7658445310606393e-6	1.7658445310605482e-6	0.9999988252341921
32.9	0.9999747979661104	2.7008734003738906e-5	2.7008734003738994e-5	0.9999975253945487
32.95	0.9999869773594336	5.007494379284982e-5	5.007494379284982e-5	0.9999968371566158
33.0	0.9999991163119549	6.924933411559698e-5	6.92493341155969e-5	0.9999969244895467
33.050000000000004	1.0000111841659653	8.311867820289185e-5	8.311867820289193e-5	0.9999977612256502
33.1	1.000023150678403	9.067568893783515e-5	9.067568893783524e-5	0.9999991386397097
33.15	1.000034986274557	9.139203509816586e-5	9.139203509816586e-5	1.0000007174867767
33.2	1.0000466622271482	8.52550647726999e-5	8.525506477269998e-5	1.000002111532958
33.25	1.0000581507294184	7.276569055659814e-5	7.276569055659823e-5	1.000002982018385
33.300000000000004	1.0000694248618518	5.489780971176994e-5	5.4897809711769984e-5	1.0000031199544743
33.35	1.0000804584827838	3.30225158696751e-5	3.30225158696753e-5	1.0000024962670317
33.4	1.0000912260945924	8.802988422653961e-6	8.802988422654095e-6	1.0000012677609933
33.45	1.0001017027430732	-1.5931880905481532e-5	-1.5931880905481484e-5	0.9999997377297016
33.5	1.0001118639965434	-3.93255147822111e-5	-3.9325514782210966e-5	0.9999982810974596
33.550000000000004	1.0001216860266207	-5.963290948190935e-5	-5.963290948190943e-5	0.999997252567969
33.6	1.0001311457817925	-7.535068706741566e-5	-7.535068706741593e-5	0.9999969002761797
33.65	1.0001402212170662	-8.532826481479976e-5	-8.532826481479986e-5	0.9999973059564925
33.7	1.0001488915261758	-8.885194366705978e-5	-8.885194366705978e-5	0.9999983660448815
33.75	1.00015713732189	-8.569579055677082e-5	-8.569579055677091e-5	0.9999998180667102
33.800000000000004	1.0001649407249689	-7.613570150853445e-5	-7.613570150853445e-5	1.0000013055992396
33.85	1.0001722853486679	-6.0925799240698726e-5	-6.0925799240698726e-5	1.0000024657381636
33.9	1.0001791561955877	-4.123913877066631e-5	-4.1239138770666375e-5	1.0000030176103905
33.95	1.0001855395082093	-1.8577359319999958e-5	-1.8577359320000036e-5	1.0000028303499333
34.0	1.0001914226266337	5.343769900322349e-6	5.3437699003222605e-6	1.0000019540905176
34.050000000000004	1.0001967939033312	2.8724185633213816e-5	2.8724185633213816e-5	1.0000006066443388
34.1	1.0002016427064155	4.9814916300960774e-5	4.9814916300960856e-5	0.9999991193844971
34.15	1.000205959515664	6.704882997058838e-5	6.70488299705883e-5	0.9999978557725383
34.2	1.000209736087212	7.915697407576377e-5	7.915697407576377e-5	0.9999971225578693
34.25	1.0002129656420373	8.526188456394914e-5	8.526188456394922e-5	0.9999970953385693
34.300000000000004	1.0002156430258475	8.49410243860688e-5	8.49410243860689e-5	0.9999977765399719
34.35	1.000217764795982	7.825578658550273e-5	7.825578658550273e-5	0.9999989958575155
34.4	1.0002193292118342	6.574409361393385e-5	6.574409361393403e-5	1.0000004528019735
34.45	1.0002203361328492	4.837735110531516e-5	4.837735110531508e-5	1.0000017907273429
34.5	1.0002207868541886	2.7485172857737163e-5	2.7485172857737163e-5	1.0000026841114493
34.550000000000004	1.0002206839270968	4.6536894826736095e-6	4.6536894826736095e-6	1.0000029177354506
34.6	1.0002200310139489	-1.8394792714582097e-5	-1.839479271458203e-5	1.0000024385072046
34.65	1.0002188328162465	-3.99316525689304e-5	-3.993165256893049e-5	1.0000013674544617
34.7	1.0002170950910283	-5.8351536896137836e-5	-5.8351536896138006e-5	0.9999999691972988
34.75	1.0002148247441052	-7.229194591428633e-5	-7.229194591428642e-5	0.9999985865916887
34.800000000000004	1.0002120299652157	-8.073391526740782e-5	-8.073391526740782e-5	0.9999975566817344
34.85	1.0002087203573982	-8.307636720238425e-5	-8.307636720238433e-5	0.9999971285591207
34.9	1.0002049070142467	-7.917872609879363e-5	-7.917872609879346e-5	0.9999974031418204
34.95	1.000200602513681	-6.93688014724288e-5	-6.93688014724288e-5	0.9999983094242996
35.0	1.0001958208208745	-5.441555252592337e-5	-5.441555252592337e-5	0.9999996227779895
35.050000000000004	1.0001905771189112	-3.546897021721156e-5	-3.546897021721152e-5	1.000001020600203
35.1	1.0001848876059551	-1.3971755493262594e-5	-1.3971755493262636e-5	1.0000021615330743
35.15	1.0001787693063768	8.450441795587434e-6	8.450441795587476e-6	1.0000027688059596
35.2	1.0001722399379493	3.0111883944083667e-5	3.0111883944083796e-5	1.0000026973578942
35.25	1.0001653178596452	4.939342259629565e-5	4.939342259629574e-5	1.0000019684647232
35.300000000000004	1.0001580221000406	6.48634675002977e-5	6.486346750029774e-5	1.0000007636101391
35.35	1.0001503724421017	7.538420350156093e-5	7.538420350156093e-5	0.9999993793247943
35.4	1.0001423895233221	8.019517591172722e-5	8.019517591172738e-5	0.9999981542260353
35.45	1.0001340949056563	7.896811492013143e-5	7.896811492013143e-5	0.9999973862057839
35.5	1.0001255110786118	7.182906690520984e-5	7.182906690520968e-5	0.999997260014325
35.550000000000004	1.0001166613784576	5.934637276385202e-5	5.9346372763852186e-5	0.9999978028385762
35.6	1.0001075698309447	4.248559351625113e-5	4.248559351625109e-5	0.9999988785496448
35.65	1.00009826094695	2.2534942991562553e-5	2.2534942991562343e-5	1.0000002218079327
35.7	1.0000887595136456	1.0069685420636955e-6	1.0069685420637791e-6	1.0000015034902328
35.75	1.0000790904244183	-2.0476033760983848e-5	-2.0476033760983973e-5	1.000002411312663
35.800000000000004	1.0000692785787073	-4.030420068806431e-5	-4.030420068806431e-5	1.0000027259047464
35.85	1.0000593488619602	-5.700068116143992e-5	-5.700068116144021e-5	1.0000023738053192
35.9	1.000049326192184	-6.933157783396285e-5	-6.933157783396301e-5	1.000001444579599
35.95	1.0000392356001455	-7.63970612077975e-5	-7.639706120779768e-5	1.0000001680777015
36.0	1.000029102300772	-7.769692830416979e-5	-7.769692830416971e-5	0.9999988575994697
36.050000000000004	1.0000189517164013	-7.316583947071437e-5	-7.316583947071445e-5	0.9999978330153954
36.1	1.000008809427178	-6.317577311005292e-5	-6.3175773110053e-5	0.9999973427051967
36.15	0.9999987010456807	-4.850570964705432e-5	-4.850570964705428e-5	0.9999975033602344
36.2	0.9999886520352946	-3.0281005749537e-5	-3.0281005749537e-5	0.9999982722348284
36.25	0.9999786875083344	-9.88716728817927e-6	-9.887167288179146e-6	0.9999994584387046
36.300000000000004	0.9999688320457462	1.1135387093584931e-5	1.1135387093585136e-5	1.0000007703060025
36.35	0.9999591095737239	3.120759499654227e-5	3.1207594996542434e-5	1.0000018870931968
36.4	0.999949543315846	4.883028819189315e-5	4.8830288191893396e-5	1.0000025373860624
36.45	0.9999401558173728	6.269610526872344e-5	6.269610526872352e-5	1.0000025650517332
36.5	0.9999309690176446	7.178642197151193e-5	7.17864219715121e-5	1.0000019667112414
36.550000000000004	0.9999220043331308	7.544610777299404e-5	7.54461077729942e-5	1.0000008917414205
36.6	0.9999132827114714	7.343062199913565e-5	7.343062199913573e-5	0.999999605006132
36.65	0.9999048246263221	6.592207370281003e-5	6.59220737028102e-5	0.9999984216102862
36.7	0.9998966500010859	5.3513221157403596e-5	5.3513221157403555e-5	0.9999976297466268
36.75	0.999888778071186	3.7160797187219974e-5	3.716079718721993e-5	0.9999974205235379
36.800000000000004	0.9998812272130987	1.8111833014634837e-5	1.8111833014634817e-5	0.9999978418567566
36.85	0.9998740147784383	-2.1913524855289782e-6	-2.191352485529019e-6	0.999998787545305
36.9	0.9998671569701927	-2.2220272220757462e-5	-2.2220272220757625e-5	1.0000000240092062
36.95	0.9998606687861266	-4.047525899730407e-5	-4.047525899730417e-5	1.0000012479654916
37.0	0.9998545640351385	-5.559768421409602e-5	-5.559768421409626e-5	1.00000216080611
37.050000000000004	0.9998488554116473	-6.647101534570316e-5	-6.647101534570348e-5	1.0000025414403402
37.1	0.9998435545969807	-7.230319383056296e-5	-7.230319383056308e-5	1.0000022998339952
37.15	0.9998386723499427	-7.268425131074103e-5	-7.268425131074103e-5	1.0000014982814656
37.2	0.999834218553108	-6.76149728382397e-5	-6.761497283823978e-5	1.0000003353901736
37.25	0.9998302021955535	-5.7504614904800896e-5	-5.750461490480109e-5	0.9999990968845771
37.300000000000004	0.9998266312924178	-4.313802314746625e-5	-4.3138023147466446e-5	0.9999980854132294
37.35	0.9998235127610201	-2.5614788937237275e-5	-2.5614788937237316e-5	0.9999975466012527
37.4	0.9998208522866567	-6.2651619917020315e-6	-6.2651619917020315e-6	0.9999976094137822
37.45	0.9998186542146892	1.345085531666786e-5	1.345085531666788e-5	0.9999982553064732
37.5	0.9998169214982835	3.205358887637128e-5	3.2053588876371344e-5	0.9999993235373472
37.550000000000004	0.9998156557153689	4.8154663569363486e-5	4.815466356936361e-5	1.000000551151639
37.6	0.9998148571487753	6.056055388898806e-5	6.056055388898806e-5	1.0000016376985827
37.65	0.9998145249058815	6.83609975880903e-5	6.836099758809047e-5	1.0000023187560048
37.7	0.9998146570435965	7.099572253771903e-5	7.099572253771908e-5	1.0000024302721524
37.75	0.9998152506641214	6.829459205757708e-5	6.829459205757698e-5	1.0000019480695144
37.800000000000004	0.9998163019566765	6.048829298460026e-5	6.0488292984600415e-5	1.0000009930002522
37.85	0.9998178061773216	4.8188919489137635e-5	4.8188919489137716e-5	0.9999998006776194
37.9	0.999819757578005	3.23420722068061e-5	3.2342072206806137e-5	0.9999986633603632
37.95	0.999822149311547	1.4154222174773528e-5	1.4154222174773606e-5	0.9999978583233753
38.0	0.999824973346798	-4.999079006079578e-6	-4.999079006079539e-6	0.9999975802685324
38.050000000000004	0.9998282204255913	-2.367716222678689e-5	-2.367716222678691e-5	0.999997894248627
38.1	0.9998318800812502	-4.048252907278744e-5	-4.0482529072787564e-5	0.9999987204825789
38.15	0.9998359407208307	-5.4165338963047e-5	-5.4165338963047084e-5	0.9999998545971496
38.2	0.9998403897552409	-6.371629535180231e-5	-6.371629535180231e-5	1.000001018167027
38.25	0.9998452137481445	-6.844103495351341e-5	-6.844103495351356e-5	1.0000019270588703
38.300000000000004	0.9998503985499689	-6.801053807582796e-5	-6.801053807582818e-5	1.0000023608057371
38.35	0.999855929388644	-6.248389834188966e-5	-6.248389834188975e-5	1.0000022160749136
38.400000000000006	0.9998617909022586	-5.230188063389537e-5	-5.230188063389541e-5	1.000001531263696
38.45	0.9998679671165474	-3.825189856595787e-5	-3.8251898565957986e-5	1.0000004763735715
38.5	0.9998744413867692	-2.1407188318040947e-5	-2.1407188318041025e-5	0.9999993108196126
38.550000000000004	0.9998811963342693	-3.0448795240403727e-6	-3.0448795240404887e-6	0.9999983196440091
38.6	0.9998882138096811	1.545077967399231e-5	1.545077967399231e-5	0.9999977438167189
38.650000000000006	0.9998954749069857	3.269271176184933e-5	3.26927117618494e-5	0.9999977216640633
38.7	0.9999029600378327	4.7394963763143714e-5	4.739496376314386e-5	0.9999982556582595
38.75	0.9999106490580877	5.846854719945502e-5	5.846854719945502e-5	0.9999992125359384
38.800000000000004	0.9999185214236034	6.510203332341837e-5	6.510203332341853e-5	1.0000003565390605
38.85	0.999926556344164	6.682094660929492e-5	6.6820946609295e-5	1.0000014074911197
38.900000000000006	0.9999347329055778	6.352161138445702e-5	6.35216113844571e-5	1.0000021094054046
38.95	0.9999430301397596	5.54770376551748e-5	5.5477037655174956e-5	1.000002292827217
39.0	0.9999514270382249	4.331453927154056e-5	4.33145392715406e-5	1.0000019157292823
39.050000000000004	0.999959902521189	2.7966901953465264e-5	2.7966901953465454e-5	1.000001073093631
39.1	0.9999684353874098	1.0600898365412085e-5	1.0600898365412199e-5	0.9999999730077732
39.150000000000006	0.9999770042753534	-7.471369227114225e-6	-7.471369227114187e-6	0.9999988852868502
39.2	0.9999855876625919	-2.4891558771641376e-5	-2.4891558771641336e-5	0.9999980753058754
39.25	0.9999941639188074	-4.035712776035264e-5	-4.035712776035264e-5	0.9999977392667753
39.300000000000004	1.0000027114117922	-5.271866299623397e-5	-5.271866299623397e-5	0.9999979566872812
39.35	1.0000112086501685	-6.106523883880253e-5	-6.106523883880268e-5	0.9999986716121454
39.400000000000006	1.0000196344357644	-6.479147665564194e-5	-6.479147665564209e-5	0.9999997069785992
39.45	1.0000279679958388	-6.364137725956945e-5	-6.364137725956945e-5	1.000000808456404
39.5	1.0000361890712943	-5.7725756773024936e-5	-5.772575677302497e-5	1.000001706911519
39.550000000000004	1.0000442779499286	-4.751210489878188e-5	-4.751210489878196e-5	1.0000021841553721
39.6	1.000052215449673	-3.3787755936892286e-5	-3.378775593689232e-5	1.0000021259196803
39.650000000000006	1.0000599828710737	-1.7599262053475056e-5	-1.759926205347513e-5	1.0000015491972254
39.7	1.000067561946716	-1.7263363611396912e-7	-1.7263363611408177e-7	1.0000005974111028
39.75	1.000074934815514	1.7179472570918882e-5	1.7179472570918733e-5	0.9999995047596685
39.800000000000004	1.0000820840417646	3.3156587875417656e-5	3.315658787541773e-5	0.999998538598783
39.85	1.0000889926850667	4.656784631175031e-5	4.6567846311750386e-5	0.999997934034809
39.900000000000006	1.0000956444117173	5.642068727376236e-5	5.642068727376236e-5	0.9999978367270079
39.95	1.000102023625617	6.199424866447325e-5	6.19942486644734e-5	0.9999982678105934
40.0	1.0001081155906293	6.289203495535946e-5	6.289203495535946e-5	0.9999991193824594
